0,0,56,0,0,0,-69,0,0,0,-65,0,0,0,60,0,0,0,60,0,0,0,60,0,0,0,60,0,0,0,60,0,0,0,60,0,0,0,60,0,0,0,60,0,0,0,60,0,0,0,60,0,0,0,60,0,0,0,60,0,0,0,60,0,0,0,60,0,0,0,60,0,0,0,60,0,0,0,60,0,0,0,999,
0,57,58,0,0,-68,-67,0,0,-64,-63,0,0,61,62,0,0,61,62,0,0,61,62,0,0,61,62,0,0,61,62,0,0,61,62,0,0,61,62,0,0,61,62,0,0,61,62,0,0,61,62,0,0,61,62,0,0,61,62,0,0,61,62,0,0,61,62,0,0,61,62,0,0,61,62,0,0,0,61,62,0,0,999,
0,59,60,61,0,-66,-65,-64,0,-62,-61,-60,0,63,64,65,0,63,64,65,0,63,64,65,0,63,64,65,0,63,64,65,0,63,64,65,0,63,64,65,0,63,64,65,0,63,64,65,0,63,64,65,0,63,64,65,0,63,64,65,0,63,64,65,0,63,64,65,0,63,64,65,0,63,64,65,0,0,63,64,65,0,999,
62,63,64,65,-63,-62,-61,-60,-59,-58,-57,-56,66,67,68,69,66,67,68,69,66,67,68,69,66,67,68,69,66,67,68,69,66,67,68,69,66,67,68,69,66,67,68,69,66,67,68,69,66,67,68,69,66,67,68,69,66,67,68,69,66,67,68,69,66,67,68,69,66,67,68,69,66,67,68,69,0,66,67,68,69,999,
0,66,67,68,60,-59,-58,-57,60,-55,-54,-53,60,70,71,72,60,70,71,72,60,70,71,72,60,70,71,72,60,70,71,72,60,70,71,72,60,70,71,72,60,70,71,72,60,70,71,72,60,70,71,72,60,70,71,72,60,70,71,72,60,70,71,72,60,70,71,72,60,70,71,72,60,70,71,72,60,0,70,71,72,60,999,
0,69,70,61,62,-56,-55,61,62,-52,-51,61,62,73,74,61,62,73,74,61,62,73,74,61,62,73,74,61,62,73,74,61,62,73,74,61,62,73,74,61,62,73,74,61,62,73,74,61,62,73,74,61,62,73,74,61,62,73,74,61,62,73,74,61,62,73,74,61,62,73,74,61,62,73,74,61,62,0,73,74,61,62,999,
0,0,71,63,64,65,-54,63,64,65,-50,63,64,65,75,63,64,65,75,63,64,65,75,63,64,65,75,63,64,65,75,63,64,65,75,63,64,65,75,63,64,65,75,63,64,65,75,63,64,65,75,63,64,65,75,63,64,65,75,63,64,65,75,63,64,65,75,63,64,65,75,63,64,65,75,63,64,65,75,63,64,65,999,
0,0,66,67,68,69,66,67,68,69,66,67,68,69,66,67,68,69,66,67,68,69,66,67,68,69,66,67,68,69,66,67,68,69,66,67,68,69,66,67,68,69,66,67,68,69,66,67,68,69,66,67,68,69,66,67,68,69,66,67,68,69,66,67,68,69,66,67,68,69,66,67,68,69,66,67,68,69,66,67,68,69,999,
0,0,60,70,71,72,60,70,71,72,60,70,71,72,60,70,71,72,60,70,71,72,60,70,71,72,60,70,71,72,60,70,71,72,60,70,71,72,60,70,71,72,60,70,71,72,60,70,71,72,60,70,71,72,60,70,71,72,60,70,71,72,60,70,71,72,60,70,71,72,60,70,71,72,60,70,71,72,60,70,71,72,999,
0,61,62,73,74,61,62,73,74,61,62,73,74,61,62,73,74,61,62,73,74,61,62,73,74,61,62,73,74,61,62,73,74,61,62,73,74,61,62,73,74,61,62,73,74,61,62,73,74,61,62,73,74,61,62,73,74,61,62,73,74,61,62,73,74,61,62,73,74,61,62,73,74,61,62,73,74,0,61,62,73,74,999,
0,63,64,65,75,63,64,65,75,63,64,65,75,63,64,65,75,63,64,65,75,63,64,65,75,63,64,65,75,63,64,65,75,63,64,65,75,63,64,65,75,63,64,65,75,63,64,65,75,63,64,65,75,63,64,65,75,63,64,65,75,63,64,65,75,63,64,65,75,63,64,65,75,63,64,65,75,0,63,64,65,75,999,
66,67,68,69,66,67,68,69,66,67,68,69,66,67,68,69,66,67,68,69,66,67,68,69,66,67,68,69,66,67,68,69,66,67,68,69,66,67,68,69,66,67,68,69,66,67,68,69,66,67,68,69,66,67,68,69,66,67,68,69,66,67,68,69,66,67,68,69,66,67,68,69,66,67,68,69,0,66,67,68,69,999,
0,70,71,72,60,70,71,72,60,70,71,72,60,70,71,72,60,70,71,72,60,70,71,72,60,70,71,72,60,70,71,72,60,70,71,72,60,70,71,72,60,70,71,72,60,70,71,72,60,70,71,72,60,70,71,72,180,70,71,72,180,70,71,72,60,70,71,72,60,70,71,72,60,70,71,72,60,0,70,71,72,60,999,
0,73,74,61,62,73,74,61,62,73,74,61,62,73,74,61,62,73,74,61,62,73,74,61,62,73,74,61,62,73,74,61,62,73,74,61,62,73,74,61,62,73,74,61,62,73,74,61,62,73,74,61,62,73,74,181,182,73,74,181,182,73,74,61,62,73,74,61,62,73,74,61,62,73,74,61,62,0,73,74,61,62,999,
0,0,75,63,64,65,75,63,64,65,75,63,64,65,75,63,64,65,75,63,64,65,75,63,64,65,75,63,64,65,75,63,64,65,75,63,64,65,75,63,64,65,75,63,64,65,75,63,64,65,75,63,64,65,75,183,184,185,75,183,184,185,75,63,64,65,75,63,64,65,75,63,64,65,75,63,64,65,75,63,64,65,999,
0,0,66,67,68,69,66,67,68,69,66,67,68,69,66,67,68,69,66,67,68,69,66,67,68,69,66,67,68,69,66,67,68,69,66,67,68,69,66,67,68,69,66,67,68,69,66,67,68,69,66,67,68,69,186,187,188,189,186,187,188,189,66,67,68,69,66,67,68,69,66,67,68,69,66,67,68,69,66,67,68,69,999,
0,0,60,70,71,72,60,70,71,72,60,70,71,72,60,70,71,72,60,70,71,72,60,70,71,72,60,70,71,72,60,70,71,72,60,70,71,72,60,70,71,72,60,70,71,72,60,70,71,72,100,70,71,72,360,190,191,192,80,190,191,192,60,70,71,72,60,70,71,72,60,70,71,72,60,70,71,72,60,70,71,72,999,
0,61,62,73,74,61,62,73,74,61,62,73,74,61,62,73,74,61,62,73,74,61,62,73,74,61,62,73,74,61,62,73,74,61,62,73,74,61,62,73,74,61,62,73,74,61,62,73,74,101,102,73,74,361,362,193,194,81,82,193,194,61,62,73,74,61,62,73,74,61,62,73,74,61,62,73,74,0,61,62,73,74,999,
0,63,64,65,75,63,64,65,75,63,64,65,75,63,64,65,75,63,64,65,75,63,64,65,75,63,64,65,75,63,64,65,75,63,64,65,75,63,64,65,75,63,64,65,75,63,64,65,75,103,104,105,75,363,364,365,195,83,84,85,195,63,64,65,75,63,64,65,75,63,64,65,75,63,64,65,75,0,63,64,65,75,999,
66,67,68,69,66,67,68,69,66,67,68,69,66,67,68,69,66,67,68,69,66,67,68,69,66,67,68,69,66,67,68,69,66,67,68,69,66,67,68,69,66,67,68,69,66,67,68,69,106,107,108,109,366,367,368,369,86,87,88,89,66,67,68,69,66,67,68,69,66,67,68,69,66,67,68,69,0,66,67,68,69,999,
0,70,71,72,60,70,71,72,60,70,71,72,60,70,71,72,60,70,71,72,60,70,71,72,60,70,71,72,60,70,71,72,60,70,71,72,60,70,71,72,60,70,71,72,60,70,71,72,60,110,111,112,100,370,371,372,1,90,91,92,360,70,71,72,80,70,71,72,60,70,71,72,60,70,71,72,60,0,70,71,72,60,999,
0,73,74,61,62,73,74,61,62,73,74,61,62,73,74,61,62,73,74,61,62,73,74,61,62,73,74,61,62,73,74,61,62,73,74,61,62,73,74,61,62,73,74,61,62,73,74,61,62,113,114,101,102,373,374,2,3,93,94,361,362,73,74,81,82,73,74,61,62,73,74,61,62,73,74,61,62,0,73,74,61,62,999,
0,0,75,63,64,65,75,63,64,65,75,63,64,65,75,63,64,65,75,63,64,65,75,63,64,65,75,63,64,65,75,63,64,65,75,63,64,65,75,63,64,65,75,63,64,65,75,63,64,65,115,103,104,105,375,4,5,6,95,363,364,365,75,83,84,85,75,63,64,65,75,63,64,65,75,63,64,65,75,63,64,65,999,
0,0,66,67,68,69,66,67,68,69,66,67,68,69,66,67,68,69,66,67,68,69,66,67,68,69,66,67,68,69,66,67,68,69,66,67,68,69,66,67,68,69,66,67,68,69,66,67,68,69,106,107,108,109,7,8,9,10,366,367,368,369,86,87,88,89,66,67,68,69,66,67,68,69,66,67,68,69,66,67,68,69,999,
0,0,60,70,71,72,60,70,71,72,60,70,71,72,60,70,71,72,60,70,71,72,180,70,71,72,60,70,71,72,60,70,71,72,60,70,71,72,60,70,71,72,60,70,71,72,100,70,71,72,1,110,111,112,360,11,12,13,1,370,371,372,80,90,91,92,60,70,71,72,60,70,71,72,60,70,71,72,60,70,71,72,999,
0,61,62,73,74,61,62,73,74,61,62,73,74,61,62,73,74,61,62,73,74,181,182,73,74,61,62,73,74,61,62,73,74,61,62,73,74,61,62,73,74,61,62,73,74,101,102,73,74,2,3,113,114,361,362,14,15,2,3,373,374,81,82,93,94,61,62,73,74,61,62,73,74,61,62,73,74,0,61,62,73,74,999,
0,63,64,65,75,63,64,65,75,63,64,65,75,63,64,65,75,63,64,65,75,183,184,185,75,63,64,65,75,63,64,65,75,63,64,65,75,63,64,65,75,63,64,65,75,103,104,105,75,4,5,6,115,363,364,365,16,4,5,6,375,83,84,85,95,63,64,65,75,63,64,65,75,63,64,65,75,0,63,64,65,75,999,
66,67,68,69,66,67,68,69,66,67,68,69,66,67,68,69,66,67,68,69,186,187,188,189,66,67,68,69,66,67,68,69,66,67,68,69,66,67,68,69,66,67,68,69,106,107,108,109,7,8,9,10,366,367,368,369,7,8,9,10,86,87,88,89,66,67,68,69,66,67,68,69,66,67,68,69,0,66,67,68,69,999,
0,70,71,72,60,70,71,72,60,70,71,72,60,70,71,72,60,70,71,72,60,190,191,192,100,70,71,72,80,70,71,72,60,70,71,72,60,70,71,72,60,70,71,72,60,110,111,112,100,11,12,13,1,370,371,372,1,11,12,13,1,90,91,92,1,70,71,72,80,70,71,72,180,70,71,72,60,0,70,71,72,60,999,
0,73,74,61,62,73,74,61,62,73,74,61,62,73,74,61,62,73,74,61,62,193,194,101,102,73,74,81,82,73,74,61,62,73,74,61,62,73,74,61,62,73,74,61,62,113,114,101,102,14,15,2,3,373,374,2,3,14,15,2,3,93,94,2,3,73,74,81,82,73,74,181,182,73,74,61,62,0,73,74,61,62,999,
0,0,75,63,64,65,75,63,64,65,75,63,64,65,75,63,64,65,75,63,64,65,195,103,104,105,75,83,84,85,75,63,64,65,75,63,64,65,75,63,64,65,75,63,64,65,115,103,104,105,16,4,5,6,375,4,5,6,16,4,5,6,95,4,5,6,75,83,84,85,75,183,184,185,75,63,64,65,75,63,64,65,999,
0,0,66,67,68,69,66,67,68,69,66,67,68,69,66,67,68,69,66,67,68,69,106,107,108,109,86,87,88,89,66,67,68,69,66,67,68,69,66,67,68,69,66,67,68,69,106,107,108,109,7,8,9,10,7,8,9,10,7,8,9,10,7,8,9,10,86,87,88,89,186,187,188,189,66,67,68,69,66,67,68,69,999,
0,0,60,70,71,72,60,70,71,72,60,70,71,72,60,70,71,72,100,70,71,72,1,110,111,112,80,90,91,92,60,70,71,72,60,70,71,72,60,70,71,72,100,70,71,72,1,110,111,112,1,11,12,13,1,11,12,13,1,11,12,13,1,11,12,13,360,90,91,92,80,190,191,192,60,70,71,72,60,70,71,72,999,
0,61,62,73,74,61,62,73,74,61,62,73,74,61,62,73,74,101,102,73,74,2,3,113,114,81,82,93,94,61,62,73,74,61,62,73,74,61,62,73,74,101,102,73,74,2,3,113,114,2,3,14,15,2,3,14,15,2,3,14,15,2,3,14,15,361,362,93,94,81,82,193,194,61,62,73,74,0,61,62,73,74,999,
0,63,64,65,75,63,64,65,75,63,64,65,75,63,64,65,75,103,104,105,75,4,5,6,115,83,84,85,95,63,64,65,75,63,64,65,75,63,64,65,75,103,104,105,75,4,5,6,115,4,5,6,16,4,5,6,16,4,5,6,16,4,5,6,16,363,364,365,95,83,84,85,195,63,64,65,75,0,63,64,65,75,999,
66,67,68,69,66,67,68,69,66,67,68,69,66,67,68,69,106,107,108,109,7,8,9,10,86,87,88,89,66,67,68,69,66,67,68,69,66,67,68,69,106,107,108,109,7,8,9,10,7,8,9,10,7,8,9,10,7,8,9,10,7,8,9,10,366,367,368,369,86,87,88,89,66,67,68,69,0,66,67,68,69,999,
0,70,71,72,60,70,71,72,60,70,71,72,60,70,71,72,60,110,111,112,100,11,12,13,1,90,91,92,1,70,71,72,80,70,71,72,60,70,71,72,100,110,111,112,180,11,12,13,1,11,12,13,1,11,12,13,1,11,12,13,1,11,12,13,1,370,371,372,1,90,91,92,1,70,71,72,80,0,70,71,72,60,999,
0,73,74,61,62,73,74,61,62,73,74,61,62,73,74,61,62,113,114,101,102,14,15,2,3,93,94,2,3,73,74,81,82,73,74,61,62,73,74,101,102,113,114,181,182,14,15,2,3,14,15,2,3,14,15,2,3,14,15,2,3,14,15,2,3,373,374,2,3,93,94,2,3,73,74,81,82,0,73,74,61,62,999,
0,0,75,63,64,65,75,63,64,65,75,63,64,65,75,63,64,65,115,103,104,105,16,4,5,6,95,4,5,6,75,83,84,85,75,63,64,65,75,103,104,105,115,183,184,185,16,4,5,6,16,4,5,6,16,4,5,6,16,4,5,6,16,4,5,6,375,4,5,6,95,4,5,6,75,83,84,85,75,63,64,65,999,
0,0,66,67,68,69,66,67,68,69,66,67,68,69,66,67,68,69,106,107,108,109,7,8,9,10,7,8,9,10,86,87,88,89,66,67,68,69,106,107,108,109,186,187,188,189,7,8,9,10,7,8,9,10,7,8,9,10,7,8,9,10,7,8,9,10,7,8,9,10,7,8,9,10,86,87,88,89,66,67,68,69,999,
0,0,60,70,71,72,60,70,71,72,60,70,71,72,220,70,71,72,1,110,111,112,1,11,12,13,1,11,12,13,1,90,91,92,80,70,71,72,100,110,111,112,1,190,191,192,1,11,12,13,1,11,12,13,1,11,12,13,1,11,12,13,1,11,12,13,1,11,12,13,1,11,12,13,160,90,91,92,60,70,71,72,999,
0,61,62,73,74,61,62,73,74,61,62,73,74,221,222,73,74,2,3,113,114,2,3,14,15,2,3,14,15,2,3,93,94,81,82,73,74,101,102,113,114,2,3,193,194,2,3,14,15,2,3,14,15,2,3,14,15,2,3,14,15,2,3,14,15,2,3,14,15,2,3,14,15,161,162,93,94,0,61,62,73,74,999,
0,63,64,65,75,63,64,65,75,63,64,65,75,223,224,225,75,4,5,6,115,4,5,6,16,4,5,6,16,4,5,6,95,83,84,85,75,103,104,105,115,4,5,6,195,4,5,6,16,4,5,6,16,4,5,6,16,4,5,6,16,4,5,6,16,4,5,6,16,4,5,6,16,163,164,165,95,0,63,64,65,75,999,
66,67,68,69,66,67,68,69,66,67,68,69,226,227,228,229,7,8,9,10,7,8,9,10,7,8,9,10,7,8,9,10,86,87,88,89,106,107,108,109,7,8,9,10,7,8,9,10,7,8,9,10,7,8,9,10,7,8,9,10,7,8,9,10,7,8,9,10,7,8,9,10,166,167,168,169,0,66,67,68,69,999,
0,70,71,72,60,70,71,72,60,70,71,72,60,230,231,232,60,11,12,13,1,11,12,13,1,11,12,13,1,11,12,13,1,90,91,92,1,110,111,112,1,11,12,13,1,11,12,13,1,11,12,13,1,11,12,13,1,11,12,13,1,11,12,13,1,11,12,13,1,11,12,13,1,170,171,172,340,0,70,71,72,60,999,
0,73,74,61,62,73,74,61,62,73,74,61,62,233,234,61,62,14,15,2,3,14,15,2,3,14,15,2,3,14,15,2,3,93,94,2,3,113,114,2,3,14,15,2,3,14,15,2,3,14,15,2,3,14,15,2,3,14,15,2,3,14,15,2,3,14,15,2,3,14,15,2,3,173,174,341,342,0,73,74,61,62,999,
0,0,75,63,64,65,75,63,64,65,75,63,64,65,235,63,64,65,16,4,5,6,16,4,5,6,16,4,5,6,16,4,5,6,95,4,5,6,115,4,5,6,16,4,5,6,16,4,5,6,16,4,5,6,16,4,5,6,16,4,5,6,16,4,5,6,16,4,5,6,16,4,5,6,175,343,344,345,75,63,64,65,999,
0,0,66,67,68,69,66,67,68,69,66,67,68,69,66,67,68,69,7,8,9,10,7,8,9,10,7,8,9,10,7,8,9,10,7,8,9,10,7,8,9,10,7,8,9,10,7,8,9,10,7,8,9,10,7,8,9,10,7,8,9,10,7,8,9,10,7,8,9,10,7,8,9,10,346,347,348,349,66,67,68,69,999,
0,0,60,70,71,72,60,70,71,72,60,70,71,72,220,70,71,72,1,11,12,13,1,11,12,13,1,11,12,13,1,11,12,13,540,11,12,13,1,11,12,13,1,11,12,13,1,11,12,13,1,11,12,13,1,11,12,13,1,11,12,13,1,11,12,13,1,11,12,13,1,11,12,13,160,350,351,352,60,70,71,72,999,
0,61,62,73,74,61,62,73,74,61,62,73,74,221,222,73,74,2,3,14,15,2,3,14,15,2,3,14,15,2,3,14,15,541,542,14,15,2,3,14,15,2,3,14,15,2,3,14,15,2,3,14,15,2,3,14,15,2,3,14,15,2,3,14,15,2,3,14,15,2,3,14,15,161,162,353,354,0,61,62,73,74,999,
0,63,64,65,75,63,64,65,75,63,64,65,75,223,224,225,75,4,5,6,16,4,5,6,16,4,5,6,16,4,5,6,16,543,544,545,16,4,5,6,16,4,5,6,16,4,5,6,16,4,5,6,16,4,5,6,16,4,5,6,16,4,5,6,16,4,5,6,16,4,5,6,16,163,164,165,355,0,63,64,65,75,999,
66,67,68,69,66,67,68,69,66,67,68,69,226,227,228,229,7,8,9,10,7,8,9,10,7,8,9,10,7,8,9,10,546,547,548,549,7,8,9,10,7,8,9,10,7,8,9,10,7,8,9,10,7,8,9,10,7,8,9,10,7,8,9,10,7,8,9,10,7,8,9,10,166,167,168,169,0,66,67,68,69,999,
0,70,71,72,60,70,71,72,60,70,71,72,60,230,231,232,60,11,12,13,1,11,12,13,540,11,12,13,540,11,12,13,540,550,551,552,480,11,12,13,520,11,12,13,1,11,12,13,1,11,12,13,1,11,12,13,1,11,12,13,1,11,12,13,1,11,12,13,60,11,12,13,1,170,171,172,140,0,70,71,72,60,999,
0,73,74,61,62,73,74,61,62,73,74,61,62,233,234,61,62,14,15,2,3,14,15,541,542,14,15,541,542,14,15,541,542,553,554,481,482,14,15,521,522,14,15,2,3,14,15,2,3,14,15,2,3,14,15,2,3,14,15,2,3,14,15,2,3,14,15,61,62,14,15,2,3,173,174,141,142,0,73,74,61,62,999,
0,0,75,63,64,65,75,63,64,65,75,63,64,65,235,63,64,65,16,4,5,6,16,543,544,545,16,543,544,545,16,543,544,545,555,483,484,485,16,523,524,525,16,4,5,6,16,4,5,6,16,4,5,6,16,4,5,6,16,4,5,6,16,4,5,6,16,63,64,65,16,4,5,6,175,143,144,145,75,63,64,65,999,
0,0,66,67,68,69,66,67,68,69,66,67,68,69,66,67,68,69,7,8,9,10,546,547,548,549,546,547,548,549,546,547,548,549,486,487,488,489,526,527,528,529,7,8,9,10,7,8,9,10,7,8,9,10,7,8,9,10,7,8,9,10,7,8,9,10,66,67,68,69,7,8,9,10,146,147,148,149,66,67,68,69,999,
0,0,60,70,71,72,60,70,71,72,60,70,71,72,220,70,71,72,580,11,12,13,420,550,551,552,420,550,551,552,420,550,551,552,600,490,491,492,1,530,531,532,1,11,12,13,1,11,12,13,1,11,12,13,1,11,12,13,1,11,12,13,1,11,12,13,1,70,71,72,140,11,12,13,60,150,151,152,60,70,71,72,999,
0,61,62,73,74,61,62,73,74,61,62,73,74,221,222,73,74,581,582,14,15,421,422,553,554,421,422,553,554,421,422,553,554,601,602,493,494,2,3,533,534,2,3,14,15,2,3,14,15,2,3,14,15,2,3,14,15,2,3,14,15,2,3,14,15,2,3,73,74,141,142,14,15,61,62,153,154,0,61,62,73,74,999,
0,63,64,65,75,63,64,65,75,63,64,65,75,223,224,225,75,583,584,585,16,423,424,425,555,423,424,425,555,423,424,425,555,603,604,605,495,4,5,6,535,4,5,6,16,4,5,6,16,4,5,6,16,4,5,6,16,4,5,6,16,4,5,6,16,4,5,6,75,143,144,145,16,63,64,65,155,0,63,64,65,75,999,
66,67,68,69,66,67,68,69,66,67,68,69,226,227,228,229,586,587,588,589,426,427,428,429,426,427,428,429,426,427,428,429,606,607,608,609,7,8,9,10,7,8,9,10,7,8,9,10,7,8,9,10,7,8,9,10,7,8,9,10,7,8,9,10,7,8,9,10,146,147,148,149,66,67,68,69,0,66,67,68,69,999,
0,70,71,72,60,70,71,72,60,70,71,72,60,230,231,232,60,590,591,592,1,430,431,432,460,430,431,432,420,430,431,432,420,610,611,612,420,11,12,13,600,11,12,13,1,11,12,13,540,11,12,13,1,11,12,13,380,11,12,13,1,11,12,13,380,11,12,13,1,150,151,152,140,70,71,72,60,0,70,71,72,60,999,
0,73,74,61,62,73,74,61,62,73,74,61,62,233,234,61,62,593,594,2,3,433,434,461,462,433,434,421,422,433,434,421,422,613,614,421,422,14,15,601,602,14,15,2,3,14,15,541,542,14,15,2,3,14,15,381,382,14,15,2,3,14,15,381,382,14,15,2,3,153,154,141,142,73,74,61,62,0,73,74,61,62,999,
0,0,75,63,64,65,75,63,64,65,75,63,64,65,235,63,64,65,595,4,5,6,435,463,464,465,435,423,424,425,435,423,424,425,615,423,424,425,16,603,604,605,16,4,5,6,16,543,544,545,16,4,5,6,16,383,384,385,16,4,5,6,16,383,384,385,16,4,5,6,155,143,144,145,75,63,64,65,75,63,64,65,999,
0,0,66,67,68,69,66,67,68,69,66,67,68,69,66,67,68,69,7,8,9,10,466,467,468,469,426,427,428,429,426,427,428,429,426,427,428,429,606,607,608,609,7,8,9,10,546,547,548,549,7,8,9,10,386,387,388,389,7,8,9,10,386,387,388,389,7,8,9,10,146,147,148,149,66,67,68,69,66,67,68,69,999,
0,0,60,70,71,72,60,70,71,72,60,70,71,72,220,70,71,72,1,11,12,13,660,470,471,472,420,430,431,432,420,430,431,432,420,430,431,432,440,610,611,612,480,11,12,13,520,550,551,552,140,11,12,13,120,390,391,392,140,11,12,13,120,390,391,392,140,11,12,13,60,150,151,152,60,70,71,72,60,70,71,72,999,
0,61,62,73,74,61,62,73,74,61,62,73,74,221,222,73,74,2,3,14,15,661,662,473,474,421,422,433,434,421,422,433,434,421,422,433,434,441,442,613,614,481,482,14,15,521,522,553,554,141,142,14,15,121,122,393,394,141,142,14,15,121,122,393,394,141,142,14,15,61,62,153,154,61,62,73,74,0,61,62,73,74,999,
0,63,64,65,75,63,64,65,75,63,64,65,75,223,224,225,75,4,5,6,16,663,664,665,475,423,424,425,435,423,424,425,435,423,424,425,435,443,444,445,615,483,484,485,16,523,524,525,555,143,144,145,16,123,124,125,395,143,144,145,16,123,124,125,395,143,144,145,16,63,64,65,155,63,64,65,75,0,63,64,65,75,999,
66,67,68,69,66,67,68,69,66,67,68,69,226,227,228,229,7,8,9,10,666,667,668,669,426,427,428,429,426,427,428,429,426,427,428,429,446,447,448,449,486,487,488,489,526,527,528,529,146,147,148,149,126,127,128,129,146,147,148,149,126,127,128,129,146,147,148,149,66,67,68,69,66,67,68,69,0,66,67,68,69,999,
0,70,71,72,60,70,71,72,60,70,71,72,60,230,231,232,60,11,12,13,1,670,671,672,480,430,431,432,640,430,431,432,420,430,431,432,420,450,451,452,640,490,491,492,620,530,531,532,520,150,151,152,140,130,131,132,60,150,151,152,200,130,131,132,60,150,151,152,200,70,71,72,60,70,71,72,60,0,70,71,72,60,999,
0,73,74,61,62,73,74,61,62,73,74,61,62,233,234,61,62,14,15,2,3,673,674,481,482,433,434,641,642,433,434,421,422,433,434,421,422,453,454,641,642,493,494,621,622,533,534,521,522,153,154,141,142,133,134,61,62,153,154,201,202,133,134,61,62,153,154,201,202,73,74,61,62,73,74,61,62,0,73,74,61,62,999,
0,0,75,63,64,65,75,63,64,65,75,63,64,65,235,63,64,65,16,4,5,6,675,483,484,485,435,643,644,645,435,423,424,425,435,423,424,425,455,643,644,645,495,623,624,625,535,523,524,525,155,143,144,145,135,63,64,65,155,203,204,205,135,63,64,65,155,203,204,205,75,63,64,65,75,63,64,65,75,63,64,65,999,
0,0,66,67,68,69,66,67,68,69,66,67,68,69,66,67,68,69,7,8,9,10,486,487,488,489,646,647,648,649,426,427,428,429,426,427,428,429,646,647,648,649,626,627,628,629,526,527,528,529,146,147,148,149,66,67,68,69,206,207,208,209,66,67,68,69,206,207,208,209,66,67,68,69,66,67,68,69,66,67,68,69,999,
0,0,60,70,71,72,60,70,71,72,60,70,71,72,220,70,71,72,660,11,12,13,500,490,491,492,460,650,651,652,420,430,431,432,500,430,431,432,460,650,651,652,500,630,631,632,140,530,531,532,60,150,151,152,60,70,71,72,60,210,211,212,60,70,71,72,60,210,211,212,60,70,71,72,60,70,71,72,60,70,71,72,999,
0,61,62,73,74,61,62,73,74,61,62,73,74,221,222,73,74,661,662,14,15,501,502,493,494,461,462,653,654,421,422,433,434,501,502,433,434,461,462,653,654,501,502,633,634,141,142,533,534,61,62,153,154,61,62,73,74,61,62,213,214,61,62,73,74,61,62,213,214,61,62,73,74,61,62,73,74,0,61,62,73,74,999,
0,63,64,65,75,63,64,65,75,63,64,65,75,223,224,225,75,663,664,665,16,503,504,505,495,463,464,465,655,423,424,425,435,503,504,505,435,463,464,465,655,503,504,505,635,143,144,145,535,63,64,65,155,63,64,65,75,63,64,65,215,63,64,65,75,63,64,65,215,63,64,65,75,63,64,65,75,0,63,64,65,75,999,
66,67,68,69,66,67,68,69,66,67,68,69,226,227,228,229,666,667,668,669,506,507,508,509,466,467,468,469,426,427,428,429,506,507,508,509,466,467,468,469,506,507,508,509,146,147,148,149,66,67,68,69,66,67,68,69,66,67,68,69,66,67,68,69,66,67,68,69,66,67,68,69,66,67,68,69,0,66,67,68,69,999,
0,70,71,72,60,70,71,72,60,70,71,72,60,230,231,232,60,670,671,672,1,510,511,512,560,470,471,472,1,430,431,432,460,510,511,512,500,470,471,472,1,510,511,512,560,150,151,152,140,70,71,72,60,70,71,72,60,70,71,72,60,70,71,72,60,70,71,72,60,70,71,72,60,70,71,72,60,0,70,71,72,60,999,
0,73,74,61,62,73,74,61,62,73,74,61,62,233,234,61,62,673,674,2,3,513,514,561,562,473,474,2,3,433,434,461,462,513,514,501,502,473,474,2,3,513,514,561,562,153,154,141,142,73,74,61,62,73,74,61,62,73,74,61,62,73,74,61,62,73,74,61,62,73,74,61,62,73,74,61,62,0,73,74,61,62,999,
0,0,75,63,64,65,75,63,64,65,75,63,64,65,235,63,64,65,675,4,5,6,515,563,564,565,475,4,5,6,435,463,464,465,515,503,504,505,475,4,5,6,515,563,564,565,155,143,144,145,75,63,64,65,75,63,64,65,75,63,64,65,75,63,64,65,75,63,64,65,75,63,64,65,75,63,64,65,75,63,64,65,999,
0,0,66,67,68,69,66,67,68,69,66,67,68,69,66,67,68,69,7,8,9,10,566,567,568,569,7,8,9,10,466,467,468,469,506,507,508,509,7,8,9,10,566,567,568,569,146,147,148,149,66,67,68,69,66,67,68,69,66,67,68,69,66,67,68,69,66,67,68,69,66,67,68,69,66,67,68,69,66,67,68,69,999,
0,0,60,70,71,72,60,70,71,72,60,70,71,72,220,70,71,72,1,11,12,13,1,570,571,572,1,11,12,13,580,470,471,472,1,510,511,512,1,11,12,13,140,570,571,572,60,150,151,152,60,70,71,72,60,70,71,72,60,70,71,72,60,70,71,72,60,70,71,72,60,70,71,72,60,70,71,72,60,70,71,72,999,
0,61,62,73,74,61,62,73,74,61,62,73,74,221,222,73,74,2,3,14,15,2,3,573,574,2,3,14,15,581,582,473,474,2,3,513,514,2,3,14,15,141,142,573,574,61,62,153,154,61,62,73,74,61,62,73,74,61,62,73,74,61,62,73,74,61,62,73,74,61,62,73,74,61,62,73,74,0,61,62,73,74,999,
0,63,64,65,75,63,64,65,75,63,64,65,75,223,224,225,75,4,5,6,16,4,5,6,575,4,5,6,16,583,584,585,475,4,5,6,515,4,5,6,16,143,144,145,575,63,64,65,155,63,64,65,75,63,64,65,75,63,64,65,75,63,64,65,75,63,64,65,75,63,64,65,75,63,64,65,75,0,63,64,65,75,999,
66,67,68,69,66,67,68,69,66,67,68,69,226,227,228,229,7,8,9,10,7,8,9,10,7,8,9,10,586,587,588,589,7,8,9,10,7,8,9,10,146,147,148,149,66,67,68,69,66,67,68,69,66,67,68,69,66,67,68,69,66,67,68,69,66,67,68,69,66,67,68,69,66,67,68,69,0,66,67,68,69,999,
0,70,71,72,60,70,71,72,60,70,71,72,60,230,231,232,60,11,12,13,1,11,12,13,1,11,12,13,1,590,591,592,480,11,12,13,520,11,12,13,1,150,151,152,340,70,71,72,60,70,71,72,60,70,71,72,60,70,71,72,60,70,71,72,60,70,71,72,60,70,71,72,60,70,71,72,60,0,70,71,72,60,999,
0,73,74,61,62,73,74,61,62,73,74,61,62,233,234,61,62,14,15,2,3,14,15,2,3,14,15,2,3,593,594,481,482,14,15,521,522,14,15,2,3,153,154,341,342,73,74,61,62,73,74,61,62,73,74,61,62,73,74,61,62,73,74,61,62,73,74,61,62,73,74,61,62,73,74,61,62,0,73,74,61,62,999,
0,0,75,63,64,65,75,63,64,65,75,63,64,65,235,63,64,65,16,4,5,6,16,4,5,6,16,4,5,6,595,483,484,485,16,523,524,525,16,4,5,6,155,343,344,345,75,63,64,65,75,63,64,65,75,63,64,65,75,63,64,65,75,63,64,65,75,63,64,65,75,63,64,65,75,63,64,65,75,63,64,65,999,
0,0,66,67,68,69,66,67,68,69,66,67,68,69,66,67,68,69,7,8,9,10,7,8,9,10,7,8,9,10,486,487,488,489,526,527,528,529,7,8,9,10,346,347,348,349,66,67,68,69,66,67,68,69,66,67,68,69,66,67,68,69,66,67,68,69,66,67,68,69,66,67,68,69,66,67,68,69,66,67,68,69,999,
0,0,60,70,71,72,60,70,71,72,60,70,71,72,220,70,71,72,1,11,12,13,1,11,12,13,480,11,12,13,500,490,491,492,1,530,531,532,1,11,12,13,160,350,351,352,60,70,71,72,60,70,71,72,60,70,71,72,60,70,71,72,60,70,71,72,60,70,71,72,60,70,71,72,60,70,71,72,60,70,71,72,999,
0,61,62,73,74,61,62,73,74,61,62,73,74,221,222,73,74,2,3,14,15,2,3,14,15,481,482,14,15,501,502,493,494,2,3,533,534,2,3,14,15,161,162,353,354,61,62,73,74,61,62,73,74,61,62,73,74,61,62,73,74,61,62,73,74,61,62,73,74,61,62,73,74,61,62,73,74,0,61,62,73,74,999,
0,63,64,65,75,63,64,65,75,63,64,65,75,223,224,225,75,4,5,6,16,4,5,6,16,483,484,485,16,503,504,505,495,4,5,6,535,4,5,6,16,163,164,165,355,63,64,65,75,63,64,65,75,63,64,65,75,63,64,65,75,63,64,65,75,63,64,65,75,63,64,65,75,63,64,65,75,0,63,64,65,75,999,
66,67,68,69,66,67,68,69,66,67,68,69,226,227,228,229,7,8,9,10,7,8,9,10,486,487,488,489,506,507,508,509,7,8,9,10,7,8,9,10,166,167,168,169,66,67,68,69,66,67,68,69,66,67,68,69,66,67,68,69,66,67,68,69,66,67,68,69,66,67,68,69,66,67,68,69,0,66,67,68,69,999,
0,70,71,72,60,70,71,72,60,70,71,72,60,230,231,232,60,11,12,13,1,11,12,13,1,490,491,492,540,510,511,512,140,11,12,13,1,11,12,13,1,170,171,172,340,70,71,72,60,70,71,72,60,70,71,72,60,70,71,72,60,70,71,72,60,70,71,72,60,70,71,72,60,70,71,72,60,0,70,71,72,60,999,
0,73,74,61,62,73,74,61,62,73,74,61,62,233,234,61,62,14,15,2,3,14,15,2,3,493,494,541,542,513,514,141,142,14,15,2,3,14,15,2,3,173,174,341,342,73,74,61,62,73,74,61,62,73,74,61,62,73,74,61,62,73,74,61,62,73,74,61,62,73,74,61,62,73,74,61,62,0,73,74,61,62,999,
0,0,75,63,64,65,75,63,64,65,75,63,64,65,235,63,64,65,16,4,5,6,16,4,5,6,495,543,544,545,515,143,144,145,16,4,5,6,16,4,5,6,175,343,344,345,75,63,64,65,75,63,64,65,75,63,64,65,75,63,64,65,75,63,64,65,75,63,64,65,75,63,64,65,75,63,64,65,75,63,64,65,999,
0,0,66,67,68,69,66,67,68,69,66,67,68,69,66,67,68,69,7,8,9,10,7,8,9,10,546,547,548,549,146,147,148,149,7,8,9,10,7,8,9,10,346,347,348,349,66,67,68,69,66,67,68,69,66,67,68,69,66,67,68,69,66,67,68,69,66,67,68,69,66,67,68,69,66,67,68,69,66,67,68,69,999,
0,0,60,70,71,72,60,70,71,72,60,70,71,72,60,70,71,72,360,11,12,13,1,11,12,13,560,550,551,552,380,150,151,152,1,11,12,13,1,11,12,13,160,350,351,352,60,70,71,72,60,70,71,72,60,70,71,72,60,70,71,72,60,70,71,72,60,70,71,72,60,70,71,72,60,70,71,72,60,70,71,72,999,
0,61,62,73,74,61,62,73,74,61,62,73,74,61,62,73,74,361,362,14,15,2,3,14,15,561,562,553,554,381,382,153,154,2,3,14,15,2,3,14,15,161,162,353,354,61,62,73,74,61,62,73,74,61,62,73,74,61,62,73,74,61,62,73,74,61,62,73,74,61,62,73,74,61,62,73,74,0,61,62,73,74,999,
0,63,64,65,75,63,64,65,75,63,64,65,75,63,64,65,75,363,364,365,16,4,5,6,16,563,564,565,555,383,384,385,155,4,5,6,16,4,5,6,16,163,164,165,355,63,64,65,75,63,64,65,75,63,64,65,75,63,64,65,75,63,64,65,75,63,64,65,75,63,64,65,75,63,64,65,75,0,63,64,65,75,999,
66,67,68,69,66,67,68,69,66,67,68,69,66,67,68,69,366,367,368,369,7,8,9,10,566,567,568,569,386,387,388,389,7,8,9,10,7,8,9,10,166,167,168,169,66,67,68,69,66,67,68,69,66,67,68,69,66,67,68,69,66,67,68,69,66,67,68,69,66,67,68,69,66,67,68,69,0,66,67,68,69,999,
0,70,71,72,60,70,71,72,60,70,71,72,60,70,71,72,60,370,371,372,220,11,12,13,1,570,571,572,1,390,391,392,140,11,12,13,120,11,12,13,1,170,171,172,140,70,71,72,60,70,71,72,60,70,71,72,60,70,71,72,60,70,71,72,60,70,71,72,60,70,71,72,60,70,71,72,60,0,70,71,72,60,999,
0,73,74,61,62,73,74,61,62,73,74,61,62,73,74,61,62,373,374,221,222,14,15,2,3,573,574,2,3,393,394,141,142,14,15,121,122,14,15,2,3,173,174,141,142,73,74,61,62,73,74,61,62,73,74,61,62,73,74,61,62,73,74,61,62,73,74,61,62,73,74,61,62,73,74,61,62,0,73,74,61,62,999,
0,0,75,63,64,65,75,63,64,65,75,63,64,65,75,63,64,65,375,223,224,225,16,4,5,6,575,4,5,6,395,143,144,145,16,123,124,125,16,4,5,6,175,143,144,145,75,63,64,65,75,63,64,65,75,63,64,65,75,63,64,65,75,63,64,65,75,63,64,65,75,63,64,65,75,63,64,65,75,63,64,65,999,
0,0,66,67,68,69,66,67,68,69,66,67,68,69,66,67,68,69,226,227,228,229,7,8,9,10,7,8,9,10,146,147,148,149,126,127,128,129,7,8,9,10,146,147,148,149,66,67,68,69,66,67,68,69,66,67,68,69,66,67,68,69,66,67,68,69,66,67,68,69,66,67,68,69,66,67,68,69,66,67,68,69,999,
0,0,60,70,71,72,180,70,71,72,60,70,71,72,60,70,71,72,360,230,231,232,1,11,12,13,140,11,12,13,60,150,151,152,120,130,131,132,340,11,12,13,60,150,151,152,60,70,71,72,60,70,71,72,60,70,71,72,60,70,71,72,60,70,71,72,60,70,71,72,60,70,71,72,60,70,71,72,60,70,71,72,999,
0,61,62,73,74,181,182,73,74,61,62,73,74,61,62,73,74,361,362,233,234,2,3,14,15,141,142,14,15,61,62,153,154,121,122,133,134,341,342,14,15,61,62,153,154,61,62,73,74,61,62,73,74,61,62,73,74,61,62,73,74,61,62,73,74,61,62,73,74,61,62,73,74,61,62,73,74,0,61,62,73,74,999,
0,63,64,65,75,183,184,185,75,63,64,65,75,63,64,65,75,363,364,365,235,4,5,6,16,143,144,145,16,63,64,65,155,123,124,125,135,343,344,345,16,63,64,65,155,63,64,65,75,63,64,65,75,63,64,65,75,63,64,65,75,63,64,65,75,63,64,65,75,63,64,65,75,63,64,65,75,0,63,64,65,75,999,
66,67,68,69,186,187,188,189,66,67,68,69,66,67,68,69,366,367,368,369,7,8,9,10,146,147,148,149,66,67,68,69,126,127,128,129,346,347,348,349,66,67,68,69,66,67,68,69,66,67,68,69,66,67,68,69,66,67,68,69,66,67,68,69,66,67,68,69,66,67,68,69,66,67,68,69,0,66,67,68,69,999,
0,70,71,72,100,190,191,192,160,70,71,72,60,70,71,72,60,370,371,372,100,11,12,13,1,150,151,152,160,70,71,72,60,130,131,132,60,350,351,352,400,70,71,72,80,70,71,72,60,70,71,72,60,70,71,72,60,70,71,72,60,70,71,72,60,70,71,72,60,70,71,72,60,70,71,72,60,0,70,71,72,60,999,
0,73,74,101,102,193,194,161,162,73,74,61,62,73,74,61,62,373,374,101,102,14,15,2,3,153,154,161,162,73,74,61,62,133,134,61,62,353,354,401,402,73,74,81,82,73,74,61,62,73,74,61,62,73,74,61,62,73,74,61,62,73,74,61,62,73,74,61,62,73,74,61,62,73,74,61,62,0,73,74,61,62,999,
0,0,75,103,104,105,195,163,164,165,75,63,64,65,75,63,64,65,375,103,104,105,16,4,5,6,155,163,164,165,75,63,64,65,135,63,64,65,355,403,404,405,75,83,84,85,75,63,64,65,75,63,64,65,75,63,64,65,75,63,64,65,75,63,64,65,75,63,64,65,75,63,64,65,75,63,64,65,75,63,64,65,999,
0,0,106,107,108,109,166,167,168,169,66,67,68,69,66,67,68,69,106,107,108,109,7,8,9,10,166,167,168,169,66,67,68,69,66,67,68,69,406,407,408,409,86,87,88,89,66,67,68,69,66,67,68,69,66,67,68,69,66,67,68,69,66,67,68,69,66,67,68,69,66,67,68,69,66,67,68,69,66,67,68,69,999,
0,0,140,110,111,112,340,170,171,172,60,70,71,72,220,70,71,72,1,110,111,112,1,11,12,13,160,170,171,172,60,70,71,72,220,70,71,72,1,410,411,412,160,90,91,92,60,70,71,72,60,70,71,72,60,70,71,72,60,70,71,72,60,70,71,72,60,70,71,72,60,70,71,72,60,70,71,72,100,70,71,72,999,
0,141,142,113,114,341,342,173,174,61,62,73,74,221,222,73,74,2,3,113,114,2,3,14,15,161,162,173,174,61,62,73,74,221,222,73,74,2,3,413,414,161,162,93,94,61,62,73,74,61,62,73,74,61,62,73,74,61,62,73,74,61,62,73,74,61,62,73,74,61,62,73,74,61,62,73,74,0,101,102,73,74,999,
0,143,144,145,115,343,344,345,175,63,64,65,75,223,224,225,75,4,5,6,115,4,5,6,16,163,164,165,175,63,64,65,75,223,224,225,75,4,5,6,415,163,164,165,95,63,64,65,75,63,64,65,75,63,64,65,75,63,64,65,75,63,64,65,75,63,64,65,75,63,64,65,75,63,64,65,75,0,103,104,105,75,999,
146,147,148,149,346,347,348,349,66,67,68,69,226,227,228,229,7,8,9,10,7,8,9,10,166,167,168,169,66,67,68,69,226,227,228,229,7,8,9,10,166,167,168,169,66,67,68,69,66,67,68,69,66,67,68,69,66,67,68,69,66,67,68,69,66,67,68,69,66,67,68,69,66,67,68,69,0,106,107,108,109,999,
0,150,151,152,1,350,351,352,80,70,71,72,60,230,231,232,60,11,12,13,360,11,12,13,1,170,171,172,140,70,71,72,60,230,231,232,60,11,12,13,120,170,171,172,340,70,71,72,60,70,71,72,60,70,71,72,60,70,71,72,60,70,71,72,60,70,71,72,60,70,71,72,60,70,71,72,60,0,110,111,112,220,999,
0,153,154,2,3,353,354,81,82,73,74,61,62,233,234,61,62,14,15,361,362,14,15,2,3,173,174,141,142,73,74,61,62,233,234,61,62,14,15,121,122,173,174,341,342,73,74,61,62,73,74,61,62,73,74,61,62,73,74,61,62,73,74,61,62,73,74,61,62,73,74,61,62,73,74,61,62,0,113,114,221,222,999,
0,0,155,4,5,6,355,83,84,85,75,63,64,65,235,63,64,65,16,363,364,365,16,4,5,6,175,143,144,145,75,63,64,65,235,63,64,65,16,123,124,125,175,343,344,345,75,63,64,65,75,63,64,65,75,63,64,65,75,63,64,65,75,63,64,65,75,63,64,65,75,63,64,65,75,63,64,65,115,223,224,225,999,
0,0,7,8,9,10,86,87,88,89,66,67,68,69,66,67,68,69,366,367,368,369,7,8,9,10,146,147,148,149,66,67,68,69,66,67,68,69,126,127,128,129,346,347,348,349,66,67,68,69,66,67,68,69,66,67,68,69,66,67,68,69,66,67,68,69,66,67,68,69,66,67,68,69,66,67,68,69,226,227,228,229,999,
0,0,1,11,12,13,1,90,91,92,160,70,71,72,220,70,71,72,1,370,371,372,340,11,12,13,60,150,151,152,60,70,71,72,60,70,71,72,120,130,131,132,80,350,351,352,60,70,71,72,60,70,71,72,60,70,71,72,60,70,71,72,60,70,71,72,60,70,71,72,60,70,71,72,60,70,71,72,400,230,231,232,999,
0,2,3,14,15,2,3,93,94,161,162,73,74,221,222,73,74,2,3,373,374,341,342,14,15,61,62,153,154,61,62,73,74,61,62,73,74,121,122,133,134,81,82,353,354,61,62,73,74,61,62,73,74,61,62,73,74,61,62,73,74,61,62,73,74,61,62,73,74,61,62,73,74,61,62,73,74,0,401,402,233,234,999,
0,4,5,6,16,4,5,6,95,163,164,165,75,223,224,225,75,4,5,6,375,343,344,345,16,63,64,65,155,63,64,65,75,63,64,65,75,123,124,125,135,83,84,85,355,63,64,65,75,63,64,65,75,63,64,65,75,63,64,65,75,63,64,65,75,63,64,65,75,63,64,65,75,63,64,65,75,0,403,404,405,235,999,
7,8,9,10,7,8,9,10,166,167,168,169,226,227,228,229,7,8,9,10,346,347,348,349,66,67,68,69,66,67,68,69,66,67,68,69,126,127,128,129,86,87,88,89,66,67,68,69,66,67,68,69,66,67,68,69,66,67,68,69,66,67,68,69,66,67,68,69,66,67,68,69,66,67,68,69,0,406,407,408,409,999,
0,11,12,13,1,11,12,13,340,170,171,172,60,230,231,232,60,11,12,13,360,350,351,352,1,70,71,72,160,70,71,72,60,70,71,72,60,130,131,132,60,90,91,92,120,70,71,72,80,70,71,72,60,70,71,72,60,70,71,72,60,70,71,72,60,70,71,72,60,70,71,72,60,70,71,72,60,0,410,411,412,100,999,
0,14,15,2,3,14,15,341,342,173,174,61,62,233,234,61,62,14,15,361,362,353,354,2,3,73,74,161,162,73,74,61,62,73,74,61,62,133,134,61,62,93,94,121,122,73,74,81,82,73,74,61,62,73,74,61,62,73,74,61,62,73,74,61,62,73,74,61,62,73,74,61,62,73,74,61,62,0,413,414,101,102,999,
0,0,16,4,5,6,16,343,344,345,175,63,64,65,235,63,64,65,16,363,364,365,355,4,5,6,75,163,164,165,75,63,64,65,75,63,64,65,135,63,64,65,95,123,124,125,75,83,84,85,75,63,64,65,75,63,64,65,75,63,64,65,75,63,64,65,75,63,64,65,75,63,64,65,75,63,64,65,415,103,104,105,999,
0,0,7,8,9,10,346,347,348,349,66,67,68,69,66,67,68,69,366,367,368,369,7,8,9,10,166,167,168,169,66,67,68,69,66,67,68,69,66,67,68,69,126,127,128,129,86,87,88,89,66,67,68,69,66,67,68,69,66,67,68,69,66,67,68,69,66,67,68,69,66,67,68,69,66,67,68,69,106,107,108,109,999,
0,0,1,11,12,13,1,350,351,352,160,70,71,72,220,70,71,72,1,370,371,372,140,11,12,13,60,170,171,172,60,70,71,72,60,70,71,72,60,70,71,72,120,130,131,132,80,90,91,92,60,70,71,72,60,70,71,72,60,70,71,72,60,70,71,72,60,70,71,72,60,70,71,72,220,70,71,72,1,110,111,112,999,
0,2,3,14,15,2,3,353,354,161,162,73,74,221,222,73,74,2,3,373,374,141,142,14,15,61,62,173,174,61,62,73,74,61,62,73,74,61,62,73,74,121,122,133,134,81,82,93,94,61,62,73,74,61,62,73,74,61,62,73,74,61,62,73,74,61,62,73,74,61,62,73,74,221,222,73,74,0,2,3,113,114,999,
0,4,5,6,16,4,5,6,355,163,164,165,75,223,224,225,75,4,5,6,375,143,144,145,16,63,64,65,175,63,64,65,75,63,64,65,75,63,64,65,75,123,124,125,135,83,84,85,95,63,64,65,75,63,64,65,75,63,64,65,75,63,64,65,75,63,64,65,75,63,64,65,75,223,224,225,75,0,4,5,6,115,999,
7,8,9,10,7,8,9,10,166,167,168,169,226,227,228,229,7,8,9,10,146,147,148,149,66,67,68,69,66,67,68,69,66,67,68,69,66,67,68,69,126,127,128,129,86,87,88,89,66,67,68,69,66,67,68,69,66,67,68,69,66,67,68,69,66,67,68,69,66,67,68,69,226,227,228,229,0,7,8,9,10,999,
0,11,12,13,1,11,12,13,340,170,171,172,60,230,231,232,60,11,12,13,360,150,151,152,340,70,71,72,60,70,71,72,60,70,71,72,60,70,71,72,60,130,131,132,60,90,91,92,400,70,71,72,80,70,71,72,60,70,71,72,60,70,71,72,60,70,71,72,60,70,71,72,60,230,231,232,60,0,11,12,13,400,999,
0,14,15,2,3,14,15,341,342,173,174,61,62,233,234,61,62,14,15,361,362,153,154,341,342,73,74,61,62,73,74,61,62,73,74,61,62,73,74,61,62,133,134,61,62,93,94,401,402,73,74,81,82,73,74,61,62,73,74,61,62,73,74,61,62,73,74,61,62,73,74,61,62,233,234,61,62,0,14,15,401,402,999,
0,0,16,4,5,6,16,343,344,345,175,63,64,65,235,63,64,65,16,363,364,365,155,343,344,345,75,63,64,65,75,63,64,65,75,63,64,65,75,63,64,65,135,63,64,65,95,403,404,405,75,83,84,85,75,63,64,65,75,63,64,65,75,63,64,65,75,63,64,65,75,63,64,65,235,63,64,65,16,403,404,405,999,
0,0,7,8,9,10,346,347,348,349,66,67,68,69,66,67,68,69,366,367,368,369,346,347,348,349,66,67,68,69,66,67,68,69,66,67,68,69,66,67,68,69,66,67,68,69,406,407,408,409,86,87,88,89,66,67,68,69,66,67,68,69,66,67,68,69,66,67,68,69,66,67,68,69,66,67,68,69,406,407,408,409,999,
0,0,1,11,12,13,1,350,351,352,160,70,71,72,220,70,71,72,1,370,371,372,160,350,351,352,60,70,71,72,60,70,71,72,60,70,71,72,60,70,71,72,220,70,71,72,1,410,411,412,80,90,91,92,60,70,71,72,60,70,71,72,60,70,71,72,60,70,71,72,60,70,71,72,220,70,71,72,1,410,411,412,999,
0,2,3,14,15,2,3,353,354,161,162,73,74,221,222,73,74,2,3,373,374,161,162,353,354,61,62,73,74,61,62,73,74,61,62,73,74,61,62,73,74,221,222,73,74,2,3,413,414,81,82,93,94,61,62,73,74,61,62,73,74,61,62,73,74,61,62,73,74,61,62,73,74,221,222,73,74,0,2,3,413,414,999,
0,4,5,6,16,4,5,6,355,163,164,165,75,223,224,225,75,4,5,6,375,163,164,165,355,63,64,65,75,63,64,65,75,63,64,65,75,63,64,65,75,223,224,225,75,4,5,6,415,83,84,85,95,63,64,65,75,63,64,65,75,63,64,65,75,63,64,65,75,63,64,65,75,223,224,225,75,0,4,5,6,415,999,
7,8,9,10,7,8,9,10,166,167,168,169,226,227,228,229,7,8,9,10,166,167,168,169,66,67,68,69,66,67,68,69,66,67,68,69,66,67,68,69,226,227,228,229,7,8,9,10,86,87,88,89,66,67,68,69,66,67,68,69,66,67,68,69,66,67,68,69,66,67,68,69,226,227,228,229,0,7,8,9,10,999,
0,11,12,13,1,11,12,13,340,170,171,172,60,230,231,232,60,11,12,13,360,170,171,172,140,70,71,72,60,70,71,72,60,70,71,72,60,70,71,72,60,230,231,232,60,11,12,13,120,90,91,92,1,70,71,72,80,70,71,72,60,70,71,72,60,70,71,72,60,70,71,72,60,230,231,232,60,0,11,12,13,400,999,
0,14,15,2,3,14,15,341,342,173,174,61,62,233,234,61,62,14,15,361,362,173,174,141,142,73,74,61,62,73,74,61,62,73,74,61,62,73,74,61,62,233,234,61,62,14,15,121,122,93,94,2,3,73,74,81,82,73,74,61,62,73,74,61,62,73,74,61,62,73,74,61,62,233,234,61,62,0,14,15,401,402,999,
0,0,16,4,5,6,16,343,344,345,175,63,64,65,235,63,64,65,16,363,364,365,175,143,144,145,75,63,64,65,75,63,64,65,75,63,64,65,75,63,64,65,235,63,64,65,16,123,124,125,95,4,5,6,75,83,84,85,75,63,64,65,75,63,64,65,75,63,64,65,75,63,64,65,235,63,64,65,16,403,404,405,999,
0,0,7,8,9,10,346,347,348,349,66,67,68,69,66,67,68,69,366,367,368,369,146,147,148,149,66,67,68,69,66,67,68,69,66,67,68,69,66,67,68,69,66,67,68,69,126,127,128,129,7,8,9,10,86,87,88,89,66,67,68,69,66,67,68,69,66,67,68,69,66,67,68,69,66,67,68,69,406,407,408,409,999,
0,0,1,11,12,13,1,350,351,352,160,70,71,72,260,70,71,72,1,370,371,372,160,150,151,152,60,70,71,72,60,70,71,72,60,70,71,72,60,70,71,72,60,70,71,72,400,130,131,132,1,11,12,13,80,90,91,92,60,70,71,72,60,70,71,72,60,70,71,72,60,70,71,72,100,70,71,72,1,410,411,412,999,
0,2,3,14,15,2,3,353,354,161,162,73,74,261,262,73,74,2,3,373,374,161,162,153,154,61,62,73,74,61,62,73,74,61,62,73,74,61,62,73,74,61,62,73,74,401,402,133,134,2,3,14,15,81,82,93,94,61,62,73,74,61,62,73,74,61,62,73,74,61,62,73,74,101,102,73,74,0,2,3,413,414,999,
0,4,5,6,16,4,5,6,355,163,164,165,75,263,264,265,75,4,5,6,375,163,164,165,155,63,64,65,75,63,64,65,75,63,64,65,75,63,64,65,75,63,64,65,75,403,404,405,135,4,5,6,16,83,84,85,95,63,64,65,75,63,64,65,75,63,64,65,75,63,64,65,75,103,104,105,75,0,4,5,6,415,999,
7,8,9,10,7,8,9,10,166,167,168,169,266,267,268,269,7,8,9,10,166,167,168,169,66,67,68,69,66,67,68,69,66,67,68,69,66,67,68,69,66,67,68,69,406,407,408,409,7,8,9,10,86,87,88,89,66,67,68,69,66,67,68,69,66,67,68,69,66,67,68,69,106,107,108,109,0,7,8,9,10,999,
0,11,12,13,1,11,12,13,140,170,171,172,60,270,271,272,60,11,12,13,60,170,171,172,120,70,71,72,60,70,71,72,60,70,71,72,60,70,71,72,60,70,71,72,60,410,411,412,220,11,12,13,60,90,91,92,1,70,71,72,1,70,71,72,60,70,71,72,60,70,71,72,60,110,111,112,220,0,11,12,13,1,999,
0,14,15,2,3,14,15,141,142,173,174,61,62,273,274,61,62,14,15,61,62,173,174,121,122,73,74,61,62,73,74,61,62,73,74,61,62,73,74,61,62,73,74,61,62,413,414,221,222,14,15,61,62,93,94,2,3,73,74,2,3,73,74,61,62,73,74,61,62,73,74,61,62,113,114,221,222,0,14,15,2,3,999,
0,0,16,4,5,6,16,143,144,145,175,63,64,65,275,63,64,65,16,63,64,65,175,123,124,125,75,63,64,65,75,63,64,65,75,63,64,65,75,63,64,65,75,63,64,65,415,223,224,225,16,63,64,65,95,4,5,6,75,4,5,6,75,63,64,65,75,63,64,65,75,63,64,65,115,223,224,225,16,4,5,6,999,
0,0,7,8,9,10,146,147,148,149,66,67,68,69,66,67,68,69,66,67,68,69,126,127,128,129,66,67,68,69,66,67,68,69,66,67,68,69,66,67,68,69,66,67,68,69,226,227,228,229,66,67,68,69,7,8,9,10,7,8,9,10,66,67,68,69,66,67,68,69,66,67,68,69,226,227,228,229,7,8,9,10,999,
0,0,380,11,12,13,200,150,151,152,60,70,71,72,60,70,71,72,60,70,71,72,300,130,131,132,60,70,71,72,60,70,71,72,60,70,71,72,60,70,71,72,60,70,71,72,400,230,231,232,1,70,71,72,340,11,12,13,60,11,12,13,60,70,71,72,60,70,71,72,60,70,71,72,380,230,231,232,140,11,12,13,999,
0,381,382,14,15,201,202,153,154,61,62,73,74,61,62,73,74,61,62,73,74,301,302,133,134,61,62,73,74,61,62,73,74,61,62,73,74,61,62,73,74,61,62,73,74,401,402,233,234,2,3,73,74,341,342,14,15,61,62,14,15,61,62,73,74,61,62,73,74,61,62,73,74,381,382,233,234,0,141,142,14,15,999,
0,383,384,385,16,203,204,205,155,63,64,65,75,63,64,65,75,63,64,65,75,303,304,305,135,63,64,65,75,63,64,65,75,63,64,65,75,63,64,65,75,63,64,65,75,403,404,405,235,4,5,6,75,343,344,345,16,63,64,65,16,63,64,65,75,63,64,65,75,63,64,65,75,383,384,385,235,0,143,144,145,16,999,
386,387,388,389,206,207,208,209,66,67,68,69,66,67,68,69,66,67,68,69,306,307,308,309,66,67,68,69,66,67,68,69,66,67,68,69,66,67,68,69,66,67,68,69,406,407,408,409,7,8,9,10,346,347,348,349,66,67,68,69,66,67,68,69,66,67,68,69,66,67,68,69,386,387,388,389,0,146,147,148,149,999,
0,390,391,392,200,210,211,212,60,70,71,72,60,70,71,72,60,70,71,72,60,310,311,312,60,70,71,72,60,70,71,72,60,70,71,72,60,70,71,72,60,70,71,72,60,410,411,412,220,11,12,13,1,350,351,352,380,70,71,72,80,70,71,72,60,70,71,72,60,70,71,72,60,390,391,392,100,0,150,151,152,200,999,
0,393,394,201,202,213,214,61,62,73,74,61,62,73,74,61,62,73,74,61,62,313,314,61,62,73,74,61,62,73,74,61,62,73,74,61,62,73,74,61,62,73,74,61,62,413,414,221,222,14,15,2,3,353,354,381,382,73,74,81,82,73,74,61,62,73,74,61,62,73,74,61,62,393,394,101,102,0,153,154,201,202,999,
0,0,395,203,204,205,215,63,64,65,75,63,64,65,75,63,64,65,75,63,64,65,315,63,64,65,75,63,64,65,75,63,64,65,75,63,64,65,75,63,64,65,75,63,64,65,415,223,224,225,16,4,5,6,355,383,384,385,75,83,84,85,75,63,64,65,75,63,64,65,75,63,64,65,395,103,104,105,155,203,204,205,999,
0,0,206,207,208,209,66,67,68,69,66,67,68,69,66,67,68,69,66,67,68,69,66,67,68,69,66,67,68,69,66,67,68,69,66,67,68,69,66,67,68,69,66,67,68,69,226,227,228,229,7,8,9,10,386,387,388,389,86,87,88,89,66,67,68,69,66,67,68,69,66,67,68,69,106,107,108,109,206,207,208,209,999,
0,0,60,210,211,212,60,70,71,72,60,70,71,72,60,70,71,72,60,70,71,72,60,70,71,72,60,70,71,72,60,70,71,72,60,70,71,72,60,70,71,72,60,70,71,72,400,230,231,232,140,11,12,13,120,390,391,392,80,90,91,92,60,70,71,72,60,70,71,72,100,70,71,72,140,110,111,112,60,210,211,212,999,
0,61,62,213,214,61,62,73,74,61,62,73,74,61,62,73,74,61,62,73,74,61,62,73,74,61,62,73,74,61,62,73,74,61,62,73,74,61,62,73,74,61,62,73,74,401,402,233,234,141,142,14,15,121,122,393,394,81,82,93,94,61,62,73,74,61,62,73,74,101,102,73,74,141,142,113,114,0,61,62,213,214,999,
0,63,64,65,215,63,64,65,75,63,64,65,75,63,64,65,75,63,64,65,75,63,64,65,75,63,64,65,75,63,64,65,75,63,64,65,75,63,64,65,75,63,64,65,75,403,404,405,235,143,144,145,16,123,124,125,395,83,84,85,95,63,64,65,75,63,64,65,75,103,104,105,75,143,144,145,115,0,63,64,65,215,999,
66,67,68,69,66,67,68,69,66,67,68,69,66,67,68,69,66,67,68,69,66,67,68,69,66,67,68,69,66,67,68,69,66,67,68,69,66,67,68,69,66,67,68,69,406,407,408,409,146,147,148,149,126,127,128,129,86,87,88,89,66,67,68,69,66,67,68,69,106,107,108,109,146,147,148,149,0,66,67,68,69,999,
0,70,71,72,60,70,71,72,60,70,71,72,60,70,71,72,60,70,71,72,60,70,71,72,60,70,71,72,60,70,71,72,60,70,71,72,60,70,71,72,60,70,71,72,60,410,411,412,100,150,151,152,1,130,131,132,60,90,91,92,1,70,71,72,80,70,71,72,180,110,111,112,100,150,151,152,140,0,70,71,72,60,999,
0,73,74,61,62,73,74,61,62,73,74,61,62,73,74,61,62,73,74,61,62,73,74,61,62,73,74,61,62,73,74,61,62,73,74,61,62,73,74,61,62,73,74,61,62,413,414,101,102,153,154,2,3,133,134,61,62,93,94,2,3,73,74,81,82,73,74,181,182,113,114,101,102,153,154,141,142,0,73,74,61,62,999,
0,0,75,63,64,65,75,63,64,65,75,63,64,65,75,63,64,65,75,63,64,65,75,63,64,65,75,63,64,65,75,63,64,65,75,63,64,65,75,63,64,65,75,63,64,65,415,103,104,105,155,4,5,6,135,63,64,65,95,4,5,6,75,83,84,85,75,183,184,185,115,103,104,105,155,143,144,145,75,63,64,65,999,
0,0,66,67,68,69,66,67,68,69,66,67,68,69,66,67,68,69,66,67,68,69,66,67,68,69,66,67,68,69,66,67,68,69,66,67,68,69,66,67,68,69,66,67,68,69,106,107,108,109,7,8,9,10,66,67,68,69,7,8,9,10,86,87,88,89,186,187,188,189,106,107,108,109,146,147,148,149,66,67,68,69,999,
