0,0,60,0,0,0,60,0,0,0,60,0,0,0,60,0,0,0,60,0,0,0,60,0,0,0,60,0,0,0,60,0,0,0,60,0,0,0,60,0,0,0,60,0,0,0,60,0,0,0,60,0,0,0,60,0,0,0,60,0,0,0,60,0,0,0,60,0,0,0,60,0,0,0,60,0,0,0,60,0,0,0,999,
0,61,62,0,0,61,62,0,0,61,62,0,0,61,62,0,0,61,62,0,0,61,62,0,0,61,62,0,0,61,62,0,0,61,62,0,0,61,62,0,0,61,62,0,0,61,62,0,0,61,62,0,0,61,62,0,0,61,62,0,0,61,62,0,0,61,62,0,0,61,62,0,0,61,62,0,0,61,62,0,0,0,999,
0,63,64,65,0,63,64,65,0,63,64,65,0,63,64,65,0,63,64,65,0,63,64,65,0,63,64,65,0,63,64,65,0,63,64,65,0,63,64,65,0,63,64,65,0,63,64,65,0,63,64,65,0,63,64,65,0,63,64,65,0,63,64,65,0,63,64,65,0,63,64,65,0,63,64,65,0,63,64,65,0,0,999,
66,67,68,69,66,67,68,69,66,67,68,69,66,67,68,69,66,67,68,69,66,67,68,69,66,67,68,69,66,67,68,69,66,67,68,69,66,67,68,69,66,67,68,69,66,67,68,69,66,67,68,69,66,67,68,69,66,67,68,69,66,67,68,69,66,67,68,69,66,67,68,69,66,67,68,69,66,67,68,69,0,0,999,
0,70,71,72,60,70,71,72,60,70,71,72,60,70,71,72,60,70,71,72,60,70,71,72,60,70,71,72,60,70,71,72,60,70,71,72,60,70,71,72,60,70,71,72,60,70,71,72,60,70,71,72,60,70,71,72,60,70,71,72,60,70,71,72,60,70,71,72,60,70,71,72,60,70,71,72,60,70,71,72,60,0,999,
0,73,74,61,62,73,74,61,62,73,74,61,62,73,74,61,62,73,74,61,62,73,74,61,62,73,74,61,62,73,74,61,62,73,74,61,62,73,74,61,62,73,74,61,62,73,74,61,62,73,74,61,62,73,74,61,62,73,74,61,62,73,74,61,62,73,74,61,62,73,74,61,62,73,74,61,62,73,74,61,62,0,999,
0,0,75,63,64,65,75,63,64,65,75,63,64,65,75,63,64,65,75,63,64,65,75,63,64,65,75,63,64,65,75,63,64,65,75,63,64,65,75,63,64,65,75,63,64,65,75,63,64,65,75,63,64,65,75,63,64,65,75,63,64,65,75,63,64,65,75,63,64,65,75,63,64,65,75,63,64,65,75,63,64,65,999,
0,0,66,67,68,69,66,67,68,69,66,67,68,69,66,67,68,69,66,67,68,69,66,67,68,69,66,67,68,69,66,67,68,69,66,67,68,69,66,67,68,69,66,67,68,69,66,67,68,69,66,67,68,69,66,67,68,69,66,67,68,69,66,67,68,69,66,67,68,69,66,67,68,69,66,67,68,69,66,67,68,69,999,
0,0,60,70,71,72,60,70,71,72,60,70,71,72,60,70,71,72,60,70,71,72,60,70,71,72,60,70,71,72,60,70,71,72,60,70,71,72,60,70,71,72,60,70,71,72,60,70,71,72,60,70,71,72,60,70,71,72,60,70,71,72,60,70,71,72,60,70,71,72,60,70,71,72,60,70,71,72,60,70,71,72,999,
0,61,62,73,74,61,62,73,74,61,62,73,74,61,62,73,74,61,62,73,74,61,62,73,74,61,62,73,74,61,62,73,74,61,62,73,74,61,62,73,74,61,62,73,74,61,62,73,74,61,62,73,74,61,62,73,74,61,62,73,74,61,62,73,74,61,62,73,74,61,62,73,74,61,62,73,74,61,62,73,74,0,999,
0,63,64,65,75,63,64,65,75,63,64,65,75,63,64,65,75,63,64,65,75,63,64,65,75,63,64,65,75,63,64,65,75,63,64,65,75,63,64,65,75,63,64,65,75,63,64,65,75,63,64,65,75,63,64,65,75,63,64,65,75,63,64,65,75,63,64,65,75,63,64,65,75,63,64,65,75,63,64,65,75,0,999,
66,67,68,69,66,67,68,69,66,67,68,69,66,67,68,69,66,67,68,69,66,67,68,69,66,67,68,69,66,67,68,69,66,67,68,69,66,67,68,69,66,67,68,69,66,67,68,69,66,67,68,69,66,67,68,69,66,67,68,69,66,67,68,69,66,67,68,69,66,67,68,69,66,67,68,69,66,67,68,69,0,0,999,
0,70,71,72,60,70,71,72,60,70,71,72,60,70,71,72,60,70,71,72,60,70,71,72,60,70,71,72,60,70,71,72,60,70,71,72,60,70,71,72,180,70,71,72,180,70,71,72,60,70,71,72,60,70,71,72,60,70,71,72,60,70,71,72,60,70,71,72,60,70,71,72,60,70,71,72,60,70,71,72,60,0,999,
0,73,74,61,62,73,74,61,62,73,74,61,62,73,74,61,62,73,74,61,62,73,74,61,62,73,74,61,62,73,74,61,62,73,74,61,62,73,74,181,182,73,74,181,182,73,74,61,62,73,74,61,62,73,74,61,62,73,74,61,62,73,74,61,62,73,74,61,62,73,74,61,62,73,74,61,62,73,74,61,62,0,999,
0,0,75,63,64,65,75,63,64,65,75,63,64,65,75,63,64,65,75,63,64,65,75,63,64,65,75,63,64,65,75,63,64,65,75,63,64,65,75,183,184,185,75,183,184,185,75,63,64,65,75,63,64,65,75,63,64,65,75,63,64,65,75,63,64,65,75,63,64,65,75,63,64,65,75,63,64,65,75,63,64,65,999,
0,0,66,67,68,69,66,67,68,69,66,67,68,69,66,67,68,69,66,67,68,69,66,67,68,69,66,67,68,69,66,67,68,69,66,67,68,69,186,187,188,189,186,187,188,189,66,67,68,69,66,67,68,69,66,67,68,69,66,67,68,69,66,67,68,69,66,67,68,69,66,67,68,69,66,67,68,69,66,67,68,69,999,
0,0,60,70,71,72,60,70,71,72,60,70,71,72,60,70,71,72,60,70,71,72,60,70,71,72,60,70,71,72,60,70,71,72,60,70,71,72,100,190,191,192,360,190,191,192,80,70,71,72,60,70,71,72,60,70,71,72,60,70,71,72,60,70,71,72,60,70,71,72,60,70,71,72,60,70,71,72,60,70,71,72,999,
0,61,62,73,74,61,62,73,74,61,62,73,74,61,62,73,74,61,62,73,74,61,62,73,74,61,62,73,74,61,62,73,74,61,62,73,74,101,102,193,194,361,362,193,194,81,82,73,74,61,62,73,74,61,62,73,74,61,62,73,74,61,62,73,74,61,62,73,74,61,62,73,74,61,62,73,74,61,62,73,74,0,999,
0,63,64,65,75,63,64,65,75,63,64,65,75,63,64,65,75,63,64,65,75,63,64,65,75,63,64,65,75,63,64,65,75,63,64,65,75,103,104,105,195,363,364,365,195,83,84,85,75,63,64,65,75,63,64,65,75,63,64,65,75,63,64,65,75,63,64,65,75,63,64,65,75,63,64,65,75,63,64,65,75,0,999,
66,67,68,69,66,67,68,69,66,67,68,69,66,67,68,69,66,67,68,69,66,67,68,69,66,67,68,69,66,67,68,69,66,67,68,69,106,107,108,109,366,367,368,369,86,87,88,89,66,67,68,69,66,67,68,69,66,67,68,69,66,67,68,69,66,67,68,69,66,67,68,69,66,67,68,69,66,67,68,69,0,0,999,
0,70,71,72,60,70,71,72,60,70,71,72,60,70,71,72,60,70,71,72,60,70,71,72,60,70,71,72,60,70,71,72,60,70,71,72,100,110,111,112,1,370,371,372,1,90,91,92,80,70,71,72,60,70,71,72,60,70,71,72,60,70,71,72,60,70,71,72,60,70,71,72,60,70,71,72,60,70,71,72,60,0,999,
0,73,74,61,62,73,74,61,62,73,74,61,62,73,74,61,62,73,74,61,62,73,74,61,62,73,74,61,62,73,74,61,62,73,74,101,102,113,114,2,3,373,374,2,3,93,94,81,82,73,74,61,62,73,74,61,62,73,74,61,62,73,74,61,62,73,74,61,62,73,74,61,62,73,74,61,62,73,74,61,62,0,999,
0,0,75,63,64,65,75,63,64,65,75,63,64,65,75,63,64,65,75,63,64,65,75,63,64,65,75,63,64,65,75,63,64,65,75,103,104,105,115,4,5,6,375,4,5,6,95,83,84,85,75,63,64,65,75,63,64,65,75,63,64,65,75,63,64,65,75,63,64,65,75,63,64,65,75,63,64,65,75,63,64,65,999,
0,0,66,67,68,69,66,67,68,69,66,67,68,69,66,67,68,69,66,67,68,69,66,67,68,69,66,67,68,69,66,67,68,69,106,107,108,109,7,8,9,10,7,8,9,10,86,87,88,89,66,67,68,69,66,67,68,69,66,67,68,69,66,67,68,69,66,67,68,69,66,67,68,69,66,67,68,69,66,67,68,69,999,
0,0,60,70,71,72,60,70,71,72,180,70,71,72,60,70,71,72,60,70,71,72,60,70,71,72,60,70,71,72,60,70,71,72,100,110,111,112,1,11,12,13,1,11,12,13,1,90,91,92,80,70,71,72,60,70,71,72,60,70,71,72,60,70,71,72,60,70,71,72,60,70,71,72,60,70,71,72,60,70,71,72,999,
0,61,62,73,74,61,62,73,74,181,182,73,74,61,62,73,74,61,62,73,74,61,62,73,74,61,62,73,74,61,62,73,74,101,102,113,114,2,3,14,15,2,3,14,15,2,3,93,94,81,82,73,74,61,62,73,74,61,62,73,74,61,62,73,74,61,62,73,74,61,62,73,74,61,62,73,74,61,62,73,74,0,999,
0,63,64,65,75,63,64,65,75,183,184,185,75,63,64,65,75,63,64,65,75,63,64,65,75,63,64,65,75,63,64,65,75,103,104,105,115,4,5,6,16,4,5,6,16,4,5,6,95,83,84,85,75,63,64,65,75,63,64,65,75,63,64,65,75,63,64,65,75,63,64,65,75,63,64,65,75,63,64,65,75,0,999,
66,67,68,69,66,67,68,69,186,187,188,189,66,67,68,69,66,67,68,69,66,67,68,69,66,67,68,69,66,67,68,69,106,107,108,109,7,8,9,10,7,8,9,10,7,8,9,10,86,87,88,89,66,67,68,69,66,67,68,69,66,67,68,69,66,67,68,69,66,67,68,69,66,67,68,69,66,67,68,69,0,0,999,
0,70,71,72,60,70,71,72,100,190,191,192,80,70,71,72,60,70,71,72,60,70,71,72,60,70,71,72,60,70,71,72,100,110,111,112,1,11,12,13,1,11,12,13,1,11,12,13,1,90,91,92,80,70,71,72,180,70,71,72,60,70,71,72,60,70,71,72,60,70,71,72,60,70,71,72,60,70,71,72,60,0,999,
0,73,74,61,62,73,74,101,102,193,194,81,82,73,74,61,62,73,74,61,62,73,74,61,62,73,74,61,62,73,74,101,102,113,114,2,3,14,15,2,3,14,15,2,3,14,15,2,3,93,94,81,82,73,74,181,182,73,74,61,62,73,74,61,62,73,74,61,62,73,74,61,62,73,74,61,62,73,74,61,62,0,999,
0,0,75,63,64,65,75,103,104,105,195,83,84,85,75,63,64,65,75,63,64,65,75,63,64,65,75,63,64,65,75,103,104,105,115,4,5,6,16,4,5,6,16,4,5,6,16,4,5,6,95,83,84,85,75,183,184,185,75,63,64,65,75,63,64,65,75,63,64,65,75,63,64,65,75,63,64,65,75,63,64,65,999,
0,0,66,67,68,69,106,107,108,109,86,87,88,89,66,67,68,69,66,67,68,69,66,67,68,69,66,67,68,69,106,107,108,109,7,8,9,10,7,8,9,10,7,8,9,10,7,8,9,10,86,87,88,89,186,187,188,189,66,67,68,69,66,67,68,69,66,67,68,69,66,67,68,69,66,67,68,69,66,67,68,69,999,
0,0,60,70,71,72,100,110,111,112,1,90,91,92,80,70,71,72,60,70,71,72,60,70,71,72,60,70,71,72,100,110,111,112,1,11,12,13,1,11,12,13,1,11,12,13,1,11,12,13,1,90,91,92,360,190,191,192,80,70,71,72,60,70,71,72,60,70,71,72,60,70,71,72,60,70,71,72,60,70,71,72,999,
0,61,62,73,74,101,102,113,114,2,3,93,94,81,82,73,74,61,62,73,74,61,62,73,74,61,62,73,74,101,102,113,114,2,3,14,15,2,3,14,15,2,3,14,15,2,3,14,15,2,3,93,94,361,362,193,194,81,82,73,74,61,62,73,74,61,62,73,74,61,62,73,74,61,62,73,74,61,62,73,74,0,999,
0,63,64,65,75,103,104,105,115,4,5,6,95,83,84,85,75,63,64,65,75,63,64,65,75,63,64,65,75,103,104,105,115,4,5,6,16,4,5,6,16,4,5,6,16,4,5,6,16,4,5,6,95,363,364,365,195,83,84,85,75,63,64,65,75,63,64,65,75,63,64,65,75,63,64,65,75,63,64,65,75,0,999,
66,67,68,69,106,107,108,109,7,8,9,10,86,87,88,89,66,67,68,69,66,67,68,69,66,67,68,69,106,107,108,109,7,8,9,10,7,8,9,10,7,8,9,10,7,8,9,10,7,8,9,10,366,367,368,369,86,87,88,89,66,67,68,69,66,67,68,69,66,67,68,69,66,67,68,69,66,67,68,69,0,0,999,
0,70,71,72,100,110,111,112,1,11,12,13,1,90,91,92,80,70,71,72,60,70,71,72,180,70,71,72,100,110,111,112,1,11,12,13,1,11,12,13,1,11,12,13,1,11,12,13,1,11,12,13,1,370,371,372,1,90,91,92,80,70,71,72,60,70,71,72,60,70,71,72,60,70,71,72,60,70,71,72,60,0,999,
0,73,74,101,102,113,114,2,3,14,15,2,3,93,94,81,82,73,74,61,62,73,74,181,182,73,74,101,102,113,114,2,3,14,15,2,3,14,15,2,3,14,15,2,3,14,15,2,3,14,15,2,3,373,374,2,3,93,94,81,82,73,74,61,62,73,74,61,62,73,74,61,62,73,74,61,62,73,74,61,62,0,999,
0,0,75,103,104,105,115,4,5,6,16,4,5,6,95,83,84,85,75,63,64,65,75,183,184,185,75,103,104,105,115,4,5,6,16,4,5,6,16,4,5,6,16,4,5,6,16,4,5,6,16,4,5,6,375,4,5,6,95,83,84,85,75,63,64,65,75,63,64,65,75,63,64,65,75,63,64,65,75,63,64,65,999,
0,0,106,107,108,109,7,8,9,10,7,8,9,10,86,87,88,89,66,67,68,69,186,187,188,189,106,107,108,109,7,8,9,10,7,8,9,10,7,8,9,10,7,8,9,10,7,8,9,10,7,8,9,10,7,8,9,10,86,87,88,89,66,67,68,69,66,67,68,69,66,67,68,69,66,67,68,69,66,67,68,69,999,
0,0,220,110,111,112,1,11,12,13,1,11,12,13,1,90,91,92,80,70,71,72,100,190,191,192,360,110,111,112,1,11,12,13,1,11,12,13,1,11,12,13,1,11,12,13,1,11,12,13,1,11,12,13,1,11,12,13,160,90,91,92,60,70,71,72,60,70,71,72,60,70,71,72,60,70,71,72,60,70,71,72,999,
0,221,222,113,114,2,3,14,15,2,3,14,15,2,3,93,94,81,82,73,74,101,102,193,194,361,362,113,114,2,3,14,15,2,3,14,15,2,3,14,15,2,3,14,15,2,3,14,15,2,3,14,15,2,3,14,15,161,162,93,94,61,62,73,74,61,62,73,74,61,62,73,74,61,62,73,74,61,62,73,74,0,999,
0,223,224,225,115,4,5,6,16,4,5,6,16,4,5,6,95,83,84,85,75,103,104,105,195,363,364,365,115,4,5,6,16,4,5,6,16,4,5,6,16,4,5,6,16,4,5,6,16,4,5,6,16,4,5,6,16,163,164,165,95,63,64,65,75,63,64,65,75,63,64,65,75,63,64,65,75,63,64,65,75,0,999,
226,227,228,229,7,8,9,10,7,8,9,10,7,8,9,10,86,87,88,89,106,107,108,109,366,367,368,369,7,8,9,10,7,8,9,10,7,8,9,10,7,8,9,10,7,8,9,10,7,8,9,10,7,8,9,10,166,167,168,169,66,67,68,69,66,67,68,69,66,67,68,69,66,67,68,69,66,67,68,69,0,0,999,
0,230,231,232,400,11,12,13,1,11,12,13,1,11,12,13,1,90,91,92,360,110,111,112,1,370,371,372,1,11,12,13,1,11,12,13,1,11,12,13,1,11,12,13,1,11,12,13,1,11,12,13,1,11,12,13,1,170,171,172,1,70,71,72,340,70,71,72,60,70,71,72,60,70,71,72,60,70,71,72,60,0,999,
0,233,234,401,402,14,15,2,3,14,15,2,3,14,15,2,3,93,94,361,362,113,114,2,3,373,374,2,3,14,15,2,3,14,15,2,3,14,15,2,3,14,15,2,3,14,15,2,3,14,15,2,3,14,15,2,3,173,174,2,3,73,74,341,342,73,74,61,62,73,74,61,62,73,74,61,62,73,74,61,62,0,999,
0,0,235,403,404,405,16,4,5,6,16,4,5,6,16,4,5,6,95,363,364,365,115,4,5,6,375,4,5,6,16,4,5,6,16,4,5,6,16,4,5,6,16,4,5,6,16,4,5,6,16,4,5,6,16,4,5,6,175,4,5,6,75,343,344,345,75,63,64,65,75,63,64,65,75,63,64,65,75,63,64,65,999,
0,0,406,407,408,409,7,8,9,10,7,8,9,10,7,8,9,10,366,367,368,369,7,8,9,10,7,8,9,10,7,8,9,10,7,8,9,10,7,8,9,10,7,8,9,10,7,8,9,10,7,8,9,10,7,8,9,10,7,8,9,10,346,347,348,349,66,67,68,69,66,67,68,69,66,67,68,69,66,67,68,69,999,
0,0,220,410,411,412,1,11,12,13,1,11,12,13,1,11,12,13,1,370,371,372,540,11,12,13,1,11,12,13,1,11,12,13,1,11,12,13,1,11,12,13,1,11,12,13,1,11,12,13,1,11,12,13,1,11,12,13,1,11,12,13,160,350,351,352,60,70,71,72,60,70,71,72,60,70,71,72,60,70,71,72,999,
0,221,222,413,414,2,3,14,15,2,3,14,15,2,3,14,15,2,3,373,374,541,542,14,15,2,3,14,15,2,3,14,15,2,3,14,15,2,3,14,15,2,3,14,15,2,3,14,15,2,3,14,15,2,3,14,15,2,3,14,15,161,162,353,354,61,62,73,74,61,62,73,74,61,62,73,74,61,62,73,74,0,999,
0,223,224,225,415,4,5,6,16,4,5,6,16,4,5,6,16,4,5,6,375,543,544,545,16,4,5,6,16,4,5,6,16,4,5,6,16,4,5,6,16,4,5,6,16,4,5,6,16,4,5,6,16,4,5,6,16,4,5,6,16,163,164,165,355,63,64,65,75,63,64,65,75,63,64,65,75,63,64,65,75,0,999,
226,227,228,229,7,8,9,10,7,8,9,10,7,8,9,10,7,8,9,10,546,547,548,549,7,8,9,10,7,8,9,10,7,8,9,10,7,8,9,10,7,8,9,10,7,8,9,10,7,8,9,10,7,8,9,10,7,8,9,10,166,167,168,169,66,67,68,69,66,67,68,69,66,67,68,69,66,67,68,69,0,0,999,
0,230,231,232,400,11,12,13,540,11,12,13,540,11,12,13,540,11,12,13,480,550,551,552,520,11,12,13,1,11,12,13,1,11,12,13,1,11,12,13,1,11,12,13,1,11,12,13,1,11,12,13,60,11,12,13,1,11,12,13,140,170,171,172,60,70,71,72,60,70,71,72,60,70,71,72,60,70,71,72,60,0,999,
0,233,234,401,402,14,15,541,542,14,15,541,542,14,15,541,542,14,15,481,482,553,554,521,522,14,15,2,3,14,15,2,3,14,15,2,3,14,15,2,3,14,15,2,3,14,15,2,3,14,15,61,62,14,15,2,3,14,15,141,142,173,174,61,62,73,74,61,62,73,74,61,62,73,74,61,62,73,74,61,62,0,999,
0,0,235,403,404,405,16,543,544,545,16,543,544,545,16,543,544,545,16,483,484,485,555,523,524,525,16,4,5,6,16,4,5,6,16,4,5,6,16,4,5,6,16,4,5,6,16,4,5,6,16,63,64,65,16,4,5,6,16,143,144,145,175,63,64,65,75,63,64,65,75,63,64,65,75,63,64,65,75,63,64,65,999,
0,0,406,407,408,409,546,547,548,549,546,547,548,549,546,547,548,549,486,487,488,489,526,527,528,529,7,8,9,10,7,8,9,10,7,8,9,10,7,8,9,10,7,8,9,10,7,8,9,10,66,67,68,69,7,8,9,10,146,147,148,149,66,67,68,69,66,67,68,69,66,67,68,69,66,67,68,69,66,67,68,69,999,
0,0,220,410,411,412,580,550,551,552,620,550,551,552,620,550,551,552,620,490,491,492,600,530,531,532,1,11,12,13,1,11,12,13,1,11,12,13,1,11,12,13,1,11,12,13,1,11,12,13,1,70,71,72,1,11,12,13,140,150,151,152,60,70,71,72,60,70,71,72,60,70,71,72,60,70,71,72,60,70,71,72,999,
0,221,222,413,414,581,582,553,554,621,622,553,554,621,622,553,554,621,622,493,494,601,602,533,534,2,3,14,15,2,3,14,15,2,3,14,15,2,3,14,15,2,3,14,15,2,3,14,15,2,3,73,74,2,3,14,15,141,142,153,154,61,62,73,74,61,62,73,74,61,62,73,74,61,62,73,74,61,62,73,74,0,999,
0,223,224,225,415,583,584,585,555,623,624,625,555,623,624,625,555,623,624,625,495,603,604,605,535,4,5,6,16,4,5,6,16,4,5,6,16,4,5,6,16,4,5,6,16,4,5,6,16,4,5,6,75,4,5,6,16,143,144,145,155,63,64,65,75,63,64,65,75,63,64,65,75,63,64,65,75,63,64,65,75,0,999,
226,227,228,229,586,587,588,589,626,627,628,629,626,627,628,629,626,627,628,629,606,607,608,609,7,8,9,10,7,8,9,10,7,8,9,10,7,8,9,10,7,8,9,10,7,8,9,10,7,8,9,10,7,8,9,10,146,147,148,149,66,67,68,69,66,67,68,69,66,67,68,69,66,67,68,69,66,67,68,69,0,0,999,
0,230,231,232,400,590,591,592,460,630,631,632,420,630,631,632,420,630,631,632,420,610,611,612,440,11,12,13,1,11,12,13,540,11,12,13,1,11,12,13,380,11,12,13,1,11,12,13,380,11,12,13,1,11,12,13,140,150,151,152,60,70,71,72,60,70,71,72,60,70,71,72,60,70,71,72,60,70,71,72,60,0,999,
0,233,234,401,402,593,594,461,462,633,634,421,422,633,634,421,422,633,634,421,422,613,614,441,442,14,15,2,3,14,15,541,542,14,15,2,3,14,15,381,382,14,15,2,3,14,15,381,382,14,15,2,3,14,15,141,142,153,154,61,62,73,74,61,62,73,74,61,62,73,74,61,62,73,74,61,62,73,74,61,62,0,999,
0,0,235,403,404,405,595,463,464,465,635,423,424,425,635,423,424,425,635,423,424,425,615,443,444,445,16,4,5,6,16,543,544,545,16,4,5,6,16,383,384,385,16,4,5,6,16,383,384,385,16,4,5,6,16,143,144,145,155,63,64,65,75,63,64,65,75,63,64,65,75,63,64,65,75,63,64,65,75,63,64,65,999,
0,0,406,407,408,409,466,467,468,469,426,427,428,429,426,427,428,429,426,427,428,429,446,447,448,449,7,8,9,10,546,547,548,549,7,8,9,10,386,387,388,389,7,8,9,10,386,387,388,389,7,8,9,10,146,147,148,149,66,67,68,69,66,67,68,69,66,67,68,69,66,67,68,69,66,67,68,69,66,67,68,69,999,
0,0,220,410,411,412,1,470,471,472,660,430,431,432,420,430,431,432,420,430,431,432,420,450,451,452,440,11,12,13,480,550,551,552,520,11,12,13,140,390,391,392,120,11,12,13,140,390,391,392,120,11,12,13,140,150,151,152,60,70,71,72,60,70,71,72,60,70,71,72,60,70,71,72,60,70,71,72,60,70,71,72,999,
0,221,222,413,414,2,3,473,474,661,662,433,434,421,422,433,434,421,422,433,434,421,422,453,454,441,442,14,15,481,482,553,554,521,522,14,15,141,142,393,394,121,122,14,15,141,142,393,394,121,122,14,15,141,142,153,154,61,62,73,74,61,62,73,74,61,62,73,74,61,62,73,74,61,62,73,74,61,62,73,74,0,999,
0,223,224,225,415,4,5,6,475,663,664,665,435,423,424,425,435,423,424,425,435,423,424,425,455,443,444,445,16,483,484,485,555,523,524,525,16,143,144,145,395,123,124,125,16,143,144,145,395,123,124,125,16,143,144,145,155,63,64,65,75,63,64,65,75,63,64,65,75,63,64,65,75,63,64,65,75,63,64,65,75,0,999,
226,227,228,229,7,8,9,10,666,667,668,669,426,427,428,429,426,427,428,429,426,427,428,429,446,447,448,449,486,487,488,489,526,527,528,529,146,147,148,149,126,127,128,129,146,147,148,149,126,127,128,129,146,147,148,149,66,67,68,69,66,67,68,69,66,67,68,69,66,67,68,69,66,67,68,69,66,67,68,69,0,0,999,
0,230,231,232,400,11,12,13,480,670,671,672,640,430,431,432,420,430,431,432,420,430,431,432,640,450,451,452,620,490,491,492,500,530,531,532,140,150,151,152,60,130,131,132,200,150,151,152,60,130,131,132,200,150,151,152,60,70,71,72,60,70,71,72,60,70,71,72,60,70,71,72,60,70,71,72,60,70,71,72,60,0,999,
0,233,234,401,402,14,15,481,482,673,674,641,642,433,434,421,422,433,434,421,422,433,434,641,642,453,454,621,622,493,494,501,502,533,534,141,142,153,154,61,62,133,134,201,202,153,154,61,62,133,134,201,202,153,154,61,62,73,74,61,62,73,74,61,62,73,74,61,62,73,74,61,62,73,74,61,62,73,74,61,62,0,999,
0,0,235,403,404,405,16,483,484,485,675,643,644,645,435,423,424,425,435,423,424,425,435,643,644,645,455,623,624,625,495,503,504,505,535,143,144,145,155,63,64,65,135,203,204,205,155,63,64,65,135,203,204,205,155,63,64,65,75,63,64,65,75,63,64,65,75,63,64,65,75,63,64,65,75,63,64,65,75,63,64,65,999,
0,0,406,407,408,409,486,487,488,489,646,647,648,649,426,427,428,429,426,427,428,429,646,647,648,649,626,627,628,629,506,507,508,509,146,147,148,149,66,67,68,69,206,207,208,209,66,67,68,69,206,207,208,209,66,67,68,69,66,67,68,69,66,67,68,69,66,67,68,69,66,67,68,69,66,67,68,69,66,67,68,69,999,
0,0,220,410,411,412,580,490,491,492,500,650,651,652,460,430,431,432,420,430,431,432,500,650,651,652,460,630,631,632,500,510,511,512,140,150,151,152,60,70,71,72,60,210,211,212,60,70,71,72,60,210,211,212,60,70,71,72,60,70,71,72,60,70,71,72,60,70,71,72,60,70,71,72,60,70,71,72,60,70,71,72,999,
0,221,222,413,414,581,582,493,494,501,502,653,654,461,462,433,434,421,422,433,434,501,502,653,654,461,462,633,634,501,502,513,514,141,142,153,154,61,62,73,74,61,62,213,214,61,62,73,74,61,62,213,214,61,62,73,74,61,62,73,74,61,62,73,74,61,62,73,74,61,62,73,74,61,62,73,74,61,62,73,74,0,999,
0,223,224,225,415,583,584,585,495,503,504,505,655,463,464,465,435,423,424,425,435,503,504,505,655,463,464,465,635,503,504,505,515,143,144,145,155,63,64,65,75,63,64,65,215,63,64,65,75,63,64,65,215,63,64,65,75,63,64,65,75,63,64,65,75,63,64,65,75,63,64,65,75,63,64,65,75,63,64,65,75,0,999,
226,227,228,229,586,587,588,589,506,507,508,509,466,467,468,469,426,427,428,429,506,507,508,509,466,467,468,469,506,507,508,509,146,147,148,149,66,67,68,69,66,67,68,69,66,67,68,69,66,67,68,69,66,67,68,69,66,67,68,69,66,67,68,69,66,67,68,69,66,67,68,69,66,67,68,69,66,67,68,69,0,0,999,
0,230,231,232,400,590,591,592,560,510,511,512,1,470,471,472,460,430,431,432,500,510,511,512,1,470,471,472,560,510,511,512,140,150,151,152,60,70,71,72,60,70,71,72,60,70,71,72,60,70,71,72,60,70,71,72,60,70,71,72,60,70,71,72,60,70,71,72,60,70,71,72,60,70,71,72,60,70,71,72,60,0,999,
0,233,234,401,402,593,594,561,562,513,514,2,3,473,474,461,462,433,434,501,502,513,514,2,3,473,474,561,562,513,514,141,142,153,154,61,62,73,74,61,62,73,74,61,62,73,74,61,62,73,74,61,62,73,74,61,62,73,74,61,62,73,74,61,62,73,74,61,62,73,74,61,62,73,74,61,62,73,74,61,62,0,999,
0,0,235,403,404,405,595,563,564,565,515,4,5,6,475,463,464,465,435,503,504,505,515,4,5,6,475,563,564,565,515,143,144,145,155,63,64,65,75,63,64,65,75,63,64,65,75,63,64,65,75,63,64,65,75,63,64,65,75,63,64,65,75,63,64,65,75,63,64,65,75,63,64,65,75,63,64,65,75,63,64,65,999,
0,0,406,407,408,409,566,567,568,569,7,8,9,10,466,467,468,469,506,507,508,509,7,8,9,10,566,567,568,569,146,147,148,149,66,67,68,69,66,67,68,69,66,67,68,69,66,67,68,69,66,67,68,69,66,67,68,69,66,67,68,69,66,67,68,69,66,67,68,69,66,67,68,69,66,67,68,69,66,67,68,69,999,
0,0,220,410,411,412,1,570,571,572,1,11,12,13,1,470,471,472,660,510,511,512,1,11,12,13,1,570,571,572,140,150,151,152,60,70,71,72,60,70,71,72,60,70,71,72,60,70,71,72,60,70,71,72,60,70,71,72,60,70,71,72,60,70,71,72,60,70,71,72,60,70,71,72,60,70,71,72,60,70,71,72,999,
0,221,222,413,414,2,3,573,574,2,3,14,15,2,3,473,474,661,662,513,514,2,3,14,15,2,3,573,574,141,142,153,154,61,62,73,74,61,62,73,74,61,62,73,74,61,62,73,74,61,62,73,74,61,62,73,74,61,62,73,74,61,62,73,74,61,62,73,74,61,62,73,74,61,62,73,74,61,62,73,74,0,999,
0,223,224,225,415,4,5,6,575,4,5,6,16,4,5,6,475,663,664,665,515,4,5,6,16,4,5,6,575,143,144,145,155,63,64,65,75,63,64,65,75,63,64,65,75,63,64,65,75,63,64,65,75,63,64,65,75,63,64,65,75,63,64,65,75,63,64,65,75,63,64,65,75,63,64,65,75,63,64,65,75,0,999,
226,227,228,229,7,8,9,10,7,8,9,10,7,8,9,10,666,667,668,669,7,8,9,10,7,8,9,10,146,147,148,149,66,67,68,69,66,67,68,69,66,67,68,69,66,67,68,69,66,67,68,69,66,67,68,69,66,67,68,69,66,67,68,69,66,67,68,69,66,67,68,69,66,67,68,69,66,67,68,69,0,0,999,
0,230,231,232,400,11,12,13,1,11,12,13,1,11,12,13,480,670,671,672,520,11,12,13,1,11,12,13,340,150,151,152,60,70,71,72,60,70,71,72,60,70,71,72,60,70,71,72,60,70,71,72,60,70,71,72,60,70,71,72,60,70,71,72,60,70,71,72,60,70,71,72,60,70,71,72,60,70,71,72,60,0,999,
0,233,234,401,402,14,15,2,3,14,15,2,3,14,15,481,482,673,674,521,522,14,15,2,3,14,15,341,342,153,154,61,62,73,74,61,62,73,74,61,62,73,74,61,62,73,74,61,62,73,74,61,62,73,74,61,62,73,74,61,62,73,74,61,62,73,74,61,62,73,74,61,62,73,74,61,62,73,74,61,62,0,999,
0,0,235,403,404,405,16,4,5,6,16,4,5,6,16,483,484,485,675,523,524,525,16,4,5,6,16,343,344,345,155,63,64,65,75,63,64,65,75,63,64,65,75,63,64,65,75,63,64,65,75,63,64,65,75,63,64,65,75,63,64,65,75,63,64,65,75,63,64,65,75,63,64,65,75,63,64,65,75,63,64,65,999,
0,0,406,407,408,409,7,8,9,10,7,8,9,10,486,487,488,489,526,527,528,529,7,8,9,10,346,347,348,349,66,67,68,69,66,67,68,69,66,67,68,69,66,67,68,69,66,67,68,69,66,67,68,69,66,67,68,69,66,67,68,69,66,67,68,69,66,67,68,69,66,67,68,69,66,67,68,69,66,67,68,69,999,
0,0,220,410,411,412,1,11,12,13,1,11,12,13,480,490,491,492,500,530,531,532,1,11,12,13,1,350,351,352,160,70,71,72,60,70,71,72,60,70,71,72,60,70,71,72,60,70,71,72,60,70,71,72,60,70,71,72,60,70,71,72,60,70,71,72,60,70,71,72,60,70,71,72,60,70,71,72,60,70,71,72,999,
0,221,222,413,414,2,3,14,15,2,3,14,15,481,482,493,494,501,502,533,534,2,3,14,15,2,3,353,354,161,162,73,74,61,62,73,74,61,62,73,74,61,62,73,74,61,62,73,74,61,62,73,74,61,62,73,74,61,62,73,74,61,62,73,74,61,62,73,74,61,62,73,74,61,62,73,74,61,62,73,74,0,999,
0,223,224,225,415,4,5,6,16,4,5,6,16,483,484,485,495,503,504,505,535,4,5,6,16,4,5,6,355,163,164,165,75,63,64,65,75,63,64,65,75,63,64,65,75,63,64,65,75,63,64,65,75,63,64,65,75,63,64,65,75,63,64,65,75,63,64,65,75,63,64,65,75,63,64,65,75,63,64,65,75,0,999,
226,227,228,229,7,8,9,10,7,8,9,10,486,487,488,489,506,507,508,509,7,8,9,10,7,8,9,10,166,167,168,169,66,67,68,69,66,67,68,69,66,67,68,69,66,67,68,69,66,67,68,69,66,67,68,69,66,67,68,69,66,67,68,69,66,67,68,69,66,67,68,69,66,67,68,69,66,67,68,69,0,0,999,
0,230,231,232,400,11,12,13,1,11,12,13,580,490,491,492,500,510,511,512,1,11,12,13,1,11,12,13,340,170,171,172,60,70,71,72,60,70,71,72,60,70,71,72,60,70,71,72,60,70,71,72,60,70,71,72,60,70,71,72,60,70,71,72,60,70,71,72,60,70,71,72,60,70,71,72,60,70,71,72,60,0,999,
0,233,234,401,402,14,15,2,3,14,15,581,582,493,494,501,502,513,514,2,3,14,15,2,3,14,15,341,342,173,174,61,62,73,74,61,62,73,74,61,62,73,74,61,62,73,74,61,62,73,74,61,62,73,74,61,62,73,74,61,62,73,74,61,62,73,74,61,62,73,74,61,62,73,74,61,62,73,74,61,62,0,999,
0,0,235,403,404,405,16,4,5,6,16,583,584,585,495,503,504,505,515,4,5,6,16,4,5,6,16,343,344,345,175,63,64,65,75,63,64,65,75,63,64,65,75,63,64,65,75,63,64,65,75,63,64,65,75,63,64,65,75,63,64,65,75,63,64,65,75,63,64,65,75,63,64,65,75,63,64,65,75,63,64,65,999,
0,0,406,407,408,409,7,8,9,10,586,587,588,589,506,507,508,509,7,8,9,10,7,8,9,10,346,347,348,349,66,67,68,69,66,67,68,69,66,67,68,69,66,67,68,69,66,67,68,69,66,67,68,69,66,67,68,69,66,67,68,69,66,67,68,69,66,67,68,69,66,67,68,69,66,67,68,69,66,67,68,69,999,
0,0,220,410,411,412,1,11,12,13,1,590,591,592,560,510,511,512,380,11,12,13,1,11,12,13,1,350,351,352,160,70,71,72,60,70,71,72,60,70,71,72,60,70,71,72,60,70,71,72,60,70,71,72,60,70,71,72,60,70,71,72,60,70,71,72,60,70,71,72,60,70,71,72,60,70,71,72,60,70,71,72,999,
0,221,222,413,414,2,3,14,15,2,3,593,594,561,562,513,514,381,382,14,15,2,3,14,15,2,3,353,354,161,162,73,74,61,62,73,74,61,62,73,74,61,62,73,74,61,62,73,74,61,62,73,74,61,62,73,74,61,62,73,74,61,62,73,74,61,62,73,74,61,62,73,74,61,62,73,74,61,62,73,74,0,999,
0,223,224,225,415,4,5,6,16,4,5,6,595,563,564,565,515,383,384,385,16,4,5,6,16,4,5,6,355,163,164,165,75,63,64,65,75,63,64,65,75,63,64,65,75,63,64,65,75,63,64,65,75,63,64,65,75,63,64,65,75,63,64,65,75,63,64,65,75,63,64,65,75,63,64,65,75,63,64,65,75,0,999,
226,227,228,229,7,8,9,10,7,8,9,10,566,567,568,569,386,387,388,389,7,8,9,10,7,8,9,10,166,167,168,169,66,67,68,69,66,67,68,69,66,67,68,69,66,67,68,69,66,67,68,69,66,67,68,69,66,67,68,69,66,67,68,69,66,67,68,69,66,67,68,69,66,67,68,69,66,67,68,69,0,0,999,
0,230,231,232,400,11,12,13,1,11,12,13,1,570,571,572,140,390,391,392,120,11,12,13,1,11,12,13,140,170,171,172,60,70,71,72,60,70,71,72,60,70,71,72,60,70,71,72,60,70,71,72,60,70,71,72,60,70,71,72,60,70,71,72,60,70,71,72,60,70,71,72,180,70,71,72,60,70,71,72,60,0,999,
0,233,234,401,402,14,15,2,3,14,15,2,3,573,574,141,142,393,394,121,122,14,15,2,3,14,15,141,142,173,174,61,62,73,74,61,62,73,74,61,62,73,74,61,62,73,74,61,62,73,74,61,62,73,74,61,62,73,74,61,62,73,74,61,62,73,74,61,62,73,74,181,182,73,74,61,62,73,74,61,62,0,999,
0,0,235,403,404,405,16,4,5,6,16,4,5,6,575,143,144,145,395,123,124,125,16,4,5,6,16,143,144,145,175,63,64,65,75,63,64,65,75,63,64,65,75,63,64,65,75,63,64,65,75,63,64,65,75,63,64,65,75,63,64,65,75,63,64,65,75,63,64,65,75,183,184,185,75,63,64,65,75,63,64,65,999,
0,0,406,407,408,409,7,8,9,10,7,8,9,10,146,147,148,149,126,127,128,129,7,8,9,10,146,147,148,149,66,67,68,69,66,67,68,69,66,67,68,69,66,67,68,69,66,67,68,69,66,67,68,69,66,67,68,69,66,67,68,69,66,67,68,69,66,67,68,69,186,187,188,189,66,67,68,69,66,67,68,69,999,
0,0,220,410,411,412,1,11,12,13,1,11,12,13,140,150,151,152,60,130,131,132,120,11,12,13,340,150,151,152,60,70,71,72,60,70,71,72,60,70,71,72,60,70,71,72,60,70,71,72,60,70,71,72,60,70,71,72,60,70,71,72,60,70,71,72,60,70,71,72,100,190,191,192,160,70,71,72,60,70,71,72,999,
0,221,222,413,414,2,3,14,15,2,3,14,15,141,142,153,154,61,62,133,134,121,122,14,15,341,342,153,154,61,62,73,74,61,62,73,74,61,62,73,74,61,62,73,74,61,62,73,74,61,62,73,74,61,62,73,74,61,62,73,74,61,62,73,74,61,62,73,74,101,102,193,194,161,162,73,74,61,62,73,74,0,999,
0,223,224,225,415,4,5,6,16,4,5,6,16,143,144,145,155,63,64,65,135,123,124,125,16,343,344,345,155,63,64,65,75,63,64,65,75,63,64,65,75,63,64,65,75,63,64,65,75,63,64,65,75,63,64,65,75,63,64,65,75,63,64,65,75,63,64,65,75,103,104,105,195,163,164,165,75,63,64,65,75,0,999,
226,227,228,229,7,8,9,10,7,8,9,10,146,147,148,149,66,67,68,69,126,127,128,129,346,347,348,349,66,67,68,69,66,67,68,69,66,67,68,69,66,67,68,69,66,67,68,69,66,67,68,69,66,67,68,69,66,67,68,69,66,67,68,69,66,67,68,69,106,107,108,109,166,167,168,169,66,67,68,69,0,0,999,
0,230,231,232,400,11,12,13,1,11,12,13,380,150,151,152,60,70,71,72,60,130,131,132,400,350,351,352,80,70,71,72,60,70,71,72,60,70,71,72,60,70,71,72,60,70,71,72,60,70,71,72,60,70,71,72,60,70,71,72,60,70,71,72,60,70,71,72,140,110,111,112,340,170,171,172,60,70,71,72,60,0,999,
0,233,234,401,402,14,15,2,3,14,15,381,382,153,154,61,62,73,74,61,62,133,134,401,402,353,354,81,82,73,74,61,62,73,74,61,62,73,74,61,62,73,74,61,62,73,74,61,62,73,74,61,62,73,74,61,62,73,74,61,62,73,74,61,62,73,74,141,142,113,114,341,342,173,174,61,62,73,74,61,62,0,999,
0,0,235,403,404,405,16,4,5,6,16,383,384,385,155,63,64,65,75,63,64,65,135,403,404,405,355,83,84,85,75,63,64,65,75,63,64,65,75,63,64,65,75,63,64,65,75,63,64,65,75,63,64,65,75,63,64,65,75,63,64,65,75,63,64,65,75,143,144,145,115,343,344,345,175,63,64,65,75,63,64,65,999,
0,0,406,407,408,409,7,8,9,10,386,387,388,389,66,67,68,69,66,67,68,69,406,407,408,409,86,87,88,89,66,67,68,69,66,67,68,69,66,67,68,69,66,67,68,69,66,67,68,69,66,67,68,69,66,67,68,69,66,67,68,69,66,67,68,69,146,147,148,149,346,347,348,349,66,67,68,69,66,67,68,69,999,
0,0,220,410,411,412,1,11,12,13,1,390,391,392,160,70,71,72,60,70,71,72,220,410,411,412,1,90,91,92,160,70,71,72,60,70,71,72,60,70,71,72,60,70,71,72,60,70,71,72,60,70,71,72,60,70,71,72,60,70,71,72,60,70,71,72,100,150,151,152,1,350,351,352,80,70,71,72,60,70,71,72,999,
0,221,222,413,414,2,3,14,15,2,3,393,394,161,162,73,74,61,62,73,74,221,222,413,414,2,3,93,94,161,162,73,74,61,62,73,74,61,62,73,74,61,62,73,74,61,62,73,74,61,62,73,74,61,62,73,74,61,62,73,74,61,62,73,74,101,102,153,154,2,3,353,354,81,82,73,74,61,62,73,74,0,999,
0,223,224,225,415,4,5,6,16,4,5,6,395,163,164,165,75,63,64,65,75,223,224,225,415,4,5,6,95,163,164,165,75,63,64,65,75,63,64,65,75,63,64,65,75,63,64,65,75,63,64,65,75,63,64,65,75,63,64,65,75,63,64,65,75,103,104,105,155,4,5,6,355,83,84,85,75,63,64,65,75,0,999,
226,227,228,229,7,8,9,10,7,8,9,10,166,167,168,169,66,67,68,69,226,227,228,229,7,8,9,10,166,167,168,169,66,67,68,69,66,67,68,69,66,67,68,69,66,67,68,69,66,67,68,69,66,67,68,69,66,67,68,69,66,67,68,69,106,107,108,109,7,8,9,10,86,87,88,89,66,67,68,69,0,0,999,
0,230,231,232,400,11,12,13,1,11,12,13,140,170,171,172,60,70,71,72,60,230,231,232,120,11,12,13,340,170,171,172,60,70,71,72,60,70,71,72,60,70,71,72,60,70,71,72,60,70,71,72,60,70,71,72,60,70,71,72,60,70,71,72,220,110,111,112,1,11,12,13,1,90,91,92,160,70,71,72,60,0,999,
0,233,234,401,402,14,15,2,3,14,15,141,142,173,174,61,62,73,74,61,62,233,234,121,122,14,15,341,342,173,174,61,62,73,74,61,62,73,74,61,62,73,74,61,62,73,74,61,62,73,74,61,62,73,74,61,62,73,74,61,62,73,74,221,222,113,114,2,3,14,15,2,3,93,94,161,162,73,74,61,62,0,999,
0,0,235,403,404,405,16,4,5,6,16,143,144,145,175,63,64,65,75,63,64,65,235,123,124,125,16,343,344,345,175,63,64,65,75,63,64,65,75,63,64,65,75,63,64,65,75,63,64,65,75,63,64,65,75,63,64,65,75,63,64,65,75,223,224,225,115,4,5,6,16,4,5,6,95,163,164,165,75,63,64,65,999,
0,0,406,407,408,409,7,8,9,10,146,147,148,149,66,67,68,69,66,67,68,69,126,127,128,129,346,347,348,349,66,67,68,69,66,67,68,69,66,67,68,69,66,67,68,69,66,67,68,69,66,67,68,69,66,67,68,69,66,67,68,69,226,227,228,229,7,8,9,10,7,8,9,10,166,167,168,169,66,67,68,69,999,
0,0,220,410,411,412,1,11,12,13,380,150,151,152,60,70,71,72,60,70,71,72,60,130,131,132,120,350,351,352,80,70,71,72,60,70,71,72,60,70,71,72,60,70,71,72,60,70,71,72,60,70,71,72,60,70,71,72,60,70,71,72,60,230,231,232,400,11,12,13,1,11,12,13,340,170,171,172,60,70,71,72,999,
0,221,222,413,414,2,3,14,15,381,382,153,154,61,62,73,74,61,62,73,74,61,62,133,134,121,122,353,354,81,82,73,74,61,62,73,74,61,62,73,74,61,62,73,74,61,62,73,74,61,62,73,74,61,62,73,74,61,62,73,74,61,62,233,234,401,402,14,15,2,3,14,15,341,342,173,174,61,62,73,74,0,999,
0,223,224,225,415,4,5,6,16,383,384,385,155,63,64,65,75,63,64,65,75,63,64,65,135,123,124,125,355,83,84,85,75,63,64,65,75,63,64,65,75,63,64,65,75,63,64,65,75,63,64,65,75,63,64,65,75,63,64,65,75,63,64,65,235,403,404,405,16,4,5,6,16,343,344,345,175,63,64,65,75,0,999,
226,227,228,229,7,8,9,10,386,387,388,389,66,67,68,69,66,67,68,69,66,67,68,69,126,127,128,129,86,87,88,89,66,67,68,69,66,67,68,69,66,67,68,69,66,67,68,69,66,67,68,69,66,67,68,69,66,67,68,69,66,67,68,69,406,407,408,409,7,8,9,10,346,347,348,349,66,67,68,69,0,0,999,
0,230,231,232,400,11,12,13,1,390,391,392,160,70,71,72,60,70,71,72,60,70,71,72,60,130,131,132,120,90,91,92,80,70,71,72,60,70,71,72,60,70,71,72,60,70,71,72,60,70,71,72,60,70,71,72,60,70,71,72,60,70,71,72,100,410,411,412,1,11,12,13,1,350,351,352,160,70,71,72,60,0,999,
0,233,234,401,402,14,15,2,3,393,394,161,162,73,74,61,62,73,74,61,62,73,74,61,62,133,134,121,122,93,94,81,82,73,74,61,62,73,74,61,62,73,74,61,62,73,74,61,62,73,74,61,62,73,74,61,62,73,74,61,62,73,74,101,102,413,414,2,3,14,15,2,3,353,354,161,162,73,74,61,62,0,999,
0,0,235,403,404,405,16,4,5,6,395,163,164,165,75,63,64,65,75,63,64,65,75,63,64,65,135,123,124,125,95,83,84,85,75,63,64,65,75,63,64,65,75,63,64,65,75,63,64,65,75,63,64,65,75,63,64,65,75,63,64,65,75,103,104,105,415,4,5,6,16,4,5,6,355,163,164,165,75,63,64,65,999,
0,0,406,407,408,409,7,8,9,10,166,167,168,169,66,67,68,69,66,67,68,69,66,67,68,69,126,127,128,129,86,87,88,89,66,67,68,69,66,67,68,69,66,67,68,69,66,67,68,69,66,67,68,69,66,67,68,69,66,67,68,69,106,107,108,109,7,8,9,10,7,8,9,10,166,167,168,169,66,67,68,69,999,
0,0,220,410,411,412,1,11,12,13,140,170,171,172,60,70,71,72,60,70,71,72,60,70,71,72,60,130,131,132,120,90,91,92,80,70,71,72,60,70,71,72,60,70,71,72,60,70,71,72,60,70,71,72,60,70,71,72,60,70,71,72,220,110,111,112,1,11,12,13,1,11,12,13,340,170,171,172,60,70,71,72,999,
0,221,222,413,414,2,3,14,15,141,142,173,174,61,62,73,74,61,62,73,74,61,62,73,74,61,62,133,134,121,122,93,94,81,82,73,74,61,62,73,74,61,62,73,74,61,62,73,74,61,62,73,74,61,62,73,74,61,62,73,74,221,222,113,114,2,3,14,15,2,3,14,15,341,342,173,174,61,62,73,74,0,999,
0,223,224,225,415,4,5,6,16,143,144,145,175,63,64,65,75,63,64,65,75,63,64,65,75,63,64,65,135,123,124,125,95,83,84,85,75,63,64,65,75,63,64,65,75,63,64,65,75,63,64,65,75,63,64,65,75,63,64,65,75,223,224,225,115,4,5,6,16,4,5,6,16,343,344,345,175,63,64,65,75,0,999,
226,227,228,229,7,8,9,10,146,147,148,149,66,67,68,69,66,67,68,69,66,67,68,69,66,67,68,69,126,127,128,129,86,87,88,89,66,67,68,69,66,67,68,69,66,67,68,69,66,67,68,69,66,67,68,69,66,67,68,69,226,227,228,229,7,8,9,10,7,8,9,10,346,347,348,349,66,67,68,69,0,0,999,
0,230,231,232,400,11,12,13,380,150,151,152,60,70,71,72,60,70,71,72,60,70,71,72,60,70,71,72,60,130,131,132,400,90,91,92,80,70,71,72,60,70,71,72,60,70,71,72,60,70,71,72,60,70,71,72,60,70,71,72,60,230,231,232,400,11,12,13,1,11,12,13,1,350,351,352,160,70,71,72,60,0,999,
0,233,234,401,402,14,15,381,382,153,154,61,62,73,74,61,62,73,74,61,62,73,74,61,62,73,74,61,62,133,134,401,402,93,94,81,82,73,74,61,62,73,74,61,62,73,74,61,62,73,74,61,62,73,74,61,62,73,74,61,62,233,234,401,402,14,15,2,3,14,15,2,3,353,354,161,162,73,74,61,62,0,999,
0,0,235,403,404,405,16,383,384,385,155,63,64,65,75,63,64,65,75,63,64,65,75,63,64,65,75,63,64,65,135,403,404,405,95,83,84,85,75,63,64,65,75,63,64,65,75,63,64,65,75,63,64,65,75,63,64,65,75,63,64,65,235,403,404,405,16,4,5,6,16,4,5,6,355,163,164,165,75,63,64,65,999,
0,0,406,407,408,409,386,387,388,389,66,67,68,69,66,67,68,69,66,67,68,69,66,67,68,69,66,67,68,69,406,407,408,409,86,87,88,89,66,67,68,69,66,67,68,69,66,67,68,69,66,67,68,69,66,67,68,69,66,67,68,69,406,407,408,409,7,8,9,10,7,8,9,10,166,167,168,169,66,67,68,69,999,
0,0,220,410,411,412,1,390,391,392,160,70,71,72,60,70,71,72,60,70,71,72,60,70,71,72,60,70,71,72,220,410,411,412,1,90,91,92,80,70,71,72,60,70,71,72,60,70,71,72,60,70,71,72,60,70,71,72,60,70,71,72,220,410,411,412,1,11,12,13,1,11,12,13,340,170,171,172,60,70,71,72,999,
0,221,222,413,414,2,3,393,394,161,162,73,74,61,62,73,74,61,62,73,74,61,62,73,74,61,62,73,74,221,222,413,414,2,3,93,94,81,82,73,74,61,62,73,74,61,62,73,74,61,62,73,74,61,62,73,74,61,62,73,74,221,222,413,414,2,3,14,15,2,3,14,15,341,342,173,174,61,62,73,74,0,999,
0,223,224,225,415,4,5,6,395,163,164,165,75,63,64,65,75,63,64,65,75,63,64,65,75,63,64,65,75,223,224,225,415,4,5,6,95,83,84,85,75,63,64,65,75,63,64,65,75,63,64,65,75,63,64,65,75,63,64,65,75,223,224,225,415,4,5,6,16,4,5,6,16,343,344,345,175,63,64,65,75,0,999,
226,227,228,229,7,8,9,10,166,167,168,169,66,67,68,69,66,67,68,69,66,67,68,69,66,67,68,69,226,227,228,229,7,8,9,10,86,87,88,89,66,67,68,69,66,67,68,69,66,67,68,69,66,67,68,69,66,67,68,69,226,227,228,229,7,8,9,10,7,8,9,10,346,347,348,349,66,67,68,69,0,0,999,
0,230,231,232,400,11,12,13,380,170,171,172,60,70,71,72,60,70,71,72,60,70,71,72,60,70,71,72,60,230,231,232,120,11,12,13,1,90,91,92,80,70,71,72,60,70,71,72,60,70,71,72,60,70,71,72,60,70,71,72,60,230,231,232,400,11,12,13,1,11,12,13,1,350,351,352,160,70,71,72,60,0,999,
0,233,234,401,402,14,15,381,382,173,174,61,62,73,74,61,62,73,74,61,62,73,74,61,62,73,74,61,62,233,234,121,122,14,15,2,3,93,94,81,82,73,74,61,62,73,74,61,62,73,74,61,62,73,74,61,62,73,74,61,62,233,234,401,402,14,15,2,3,14,15,2,3,353,354,161,162,73,74,61,62,0,999,
0,0,235,403,404,405,16,383,384,385,175,63,64,65,75,63,64,65,75,63,64,65,75,63,64,65,75,63,64,65,235,123,124,125,16,4,5,6,95,83,84,85,75,63,64,65,75,63,64,65,75,63,64,65,75,63,64,65,75,63,64,65,235,403,404,405,16,4,5,6,16,4,5,6,355,163,164,165,75,63,64,65,999,
0,0,406,407,408,409,386,387,388,389,66,67,68,69,66,67,68,69,66,67,68,69,66,67,68,69,66,67,68,69,126,127,128,129,7,8,9,10,86,87,88,89,66,67,68,69,66,67,68,69,66,67,68,69,66,67,68,69,66,67,68,69,406,407,408,409,7,8,9,10,7,8,9,10,166,167,168,169,66,67,68,69,999,
0,0,260,410,411,412,120,390,391,392,80,70,71,72,60,70,71,72,60,70,71,72,60,70,71,72,60,70,71,72,60,130,131,132,400,11,12,13,1,90,91,92,80,70,71,72,60,70,71,72,60,70,71,72,60,70,71,72,60,70,71,72,100,410,411,412,1,11,12,13,1,11,12,13,140,170,171,172,60,70,71,72,999,
0,261,262,413,414,121,122,393,394,81,82,73,74,61,62,73,74,61,62,73,74,61,62,73,74,61,62,73,74,61,62,133,134,401,402,14,15,2,3,93,94,81,82,73,74,61,62,73,74,61,62,73,74,61,62,73,74,61,62,73,74,101,102,413,414,2,3,14,15,2,3,14,15,141,142,173,174,61,62,73,74,0,999,
0,263,264,265,415,123,124,125,395,83,84,85,75,63,64,65,75,63,64,65,75,63,64,65,75,63,64,65,75,63,64,65,135,403,404,405,16,4,5,6,95,83,84,85,75,63,64,65,75,63,64,65,75,63,64,65,75,63,64,65,75,103,104,105,415,4,5,6,16,4,5,6,16,143,144,145,175,63,64,65,75,0,999,
266,267,268,269,126,127,128,129,86,87,88,89,66,67,68,69,66,67,68,69,66,67,68,69,66,67,68,69,66,67,68,69,406,407,408,409,7,8,9,10,86,87,88,89,66,67,68,69,66,67,68,69,66,67,68,69,66,67,68,69,106,107,108,109,7,8,9,10,7,8,9,10,146,147,148,149,66,67,68,69,0,0,999,
0,270,271,272,60,130,131,132,120,90,91,92,160,70,71,72,60,70,71,72,60,70,71,72,60,70,71,72,60,70,71,72,220,410,411,412,60,11,12,13,1,90,91,92,1,70,71,72,60,70,71,72,60,70,71,72,60,70,71,72,220,110,111,112,1,11,12,13,380,11,12,13,200,150,151,152,60,70,71,72,60,0,999,
0,273,274,61,62,133,134,121,122,93,94,161,162,73,74,61,62,73,74,61,62,73,74,61,62,73,74,61,62,73,74,221,222,413,414,61,62,14,15,2,3,93,94,2,3,73,74,61,62,73,74,61,62,73,74,61,62,73,74,221,222,113,114,2,3,14,15,381,382,14,15,201,202,153,154,61,62,73,74,61,62,0,999,
0,0,275,63,64,65,135,123,124,125,95,163,164,165,75,63,64,65,75,63,64,65,75,63,64,65,75,63,64,65,75,223,224,225,415,63,64,65,16,4,5,6,95,4,5,6,75,63,64,65,75,63,64,65,75,63,64,65,75,223,224,225,115,4,5,6,16,383,384,385,16,203,204,205,155,63,64,65,75,63,64,65,999,
0,0,66,67,68,69,126,127,128,129,166,167,168,169,66,67,68,69,66,67,68,69,66,67,68,69,66,67,68,69,226,227,228,229,66,67,68,69,7,8,9,10,7,8,9,10,66,67,68,69,66,67,68,69,66,67,68,69,226,227,228,229,7,8,9,10,386,387,388,389,206,207,208,209,66,67,68,69,66,67,68,69,999,
0,0,60,70,71,72,60,130,131,132,200,170,171,172,60,70,71,72,60,70,71,72,60,70,71,72,60,70,71,72,60,230,231,232,400,70,71,72,1,11,12,13,340,11,12,13,60,70,71,72,60,70,71,72,60,70,71,72,60,230,231,232,380,11,12,13,140,390,391,392,200,210,211,212,60,70,71,72,60,70,71,72,999,
0,61,62,73,74,61,62,133,134,201,202,173,174,61,62,73,74,61,62,73,74,61,62,73,74,61,62,73,74,61,62,233,234,401,402,73,74,2,3,14,15,341,342,14,15,61,62,73,74,61,62,73,74,61,62,73,74,61,62,233,234,381,382,14,15,141,142,393,394,201,202,213,214,61,62,73,74,61,62,73,74,0,999,
0,63,64,65,75,63,64,65,135,203,204,205,175,63,64,65,75,63,64,65,75,63,64,65,75,63,64,65,75,63,64,65,235,403,404,405,75,4,5,6,16,343,344,345,16,63,64,65,75,63,64,65,75,63,64,65,75,63,64,65,235,383,384,385,16,143,144,145,395,203,204,205,215,63,64,65,75,63,64,65,75,0,999,
66,67,68,69,66,67,68,69,206,207,208,209,66,67,68,69,66,67,68,69,66,67,68,69,66,67,68,69,66,67,68,69,406,407,408,409,7,8,9,10,346,347,348,349,66,67,68,69,66,67,68,69,66,67,68,69,66,67,68,69,386,387,388,389,146,147,148,149,206,207,208,209,66,67,68,69,66,67,68,69,0,0,999,
0,70,71,72,60,70,71,72,60,210,211,212,60,70,71,72,60,70,71,72,60,70,71,72,60,70,71,72,60,70,71,72,220,410,411,412,1,11,12,13,340,350,351,352,80,70,71,72,60,70,71,72,60,70,71,72,60,70,71,72,100,390,391,392,200,150,151,152,60,210,211,212,60,70,71,72,60,70,71,72,60,0,999,
0,73,74,61,62,73,74,61,62,213,214,61,62,73,74,61,62,73,74,61,62,73,74,61,62,73,74,61,62,73,74,221,222,413,414,2,3,14,15,341,342,353,354,81,82,73,74,61,62,73,74,61,62,73,74,61,62,73,74,101,102,393,394,201,202,153,154,61,62,213,214,61,62,73,74,61,62,73,74,61,62,0,999,
0,0,75,63,64,65,75,63,64,65,215,63,64,65,75,63,64,65,75,63,64,65,75,63,64,65,75,63,64,65,75,223,224,225,415,4,5,6,16,343,344,345,355,83,84,85,75,63,64,65,75,63,64,65,75,63,64,65,75,103,104,105,395,203,204,205,155,63,64,65,215,63,64,65,75,63,64,65,75,63,64,65,999,
0,0,66,67,68,69,66,67,68,69,66,67,68,69,66,67,68,69,66,67,68,69,66,67,68,69,66,67,68,69,226,227,228,229,7,8,9,10,346,347,348,349,86,87,88,89,66,67,68,69,66,67,68,69,66,67,68,69,106,107,108,109,206,207,208,209,66,67,68,69,66,67,68,69,66,67,68,69,66,67,68,69,999,
0,0,60,70,71,72,60,70,71,72,60,70,71,72,60,70,71,72,60,70,71,72,60,70,71,72,60,70,71,72,60,230,231,232,400,11,12,13,140,350,351,352,120,90,91,92,80,70,71,72,60,70,71,72,60,70,71,72,100,110,111,112,140,210,211,212,60,70,71,72,60,70,71,72,60,70,71,72,60,70,71,72,999,
0,61,62,73,74,61,62,73,74,61,62,73,74,61,62,73,74,61,62,73,74,61,62,73,74,61,62,73,74,61,62,233,234,401,402,14,15,141,142,353,354,121,122,93,94,81,82,73,74,61,62,73,74,61,62,73,74,101,102,113,114,141,142,213,214,61,62,73,74,61,62,73,74,61,62,73,74,61,62,73,74,0,999,
0,63,64,65,75,63,64,65,75,63,64,65,75,63,64,65,75,63,64,65,75,63,64,65,75,63,64,65,75,63,64,65,235,403,404,405,16,143,144,145,355,123,124,125,95,83,84,85,75,63,64,65,75,63,64,65,75,103,104,105,115,143,144,145,215,63,64,65,75,63,64,65,75,63,64,65,75,63,64,65,75,0,999,
66,67,68,69,66,67,68,69,66,67,68,69,66,67,68,69,66,67,68,69,66,67,68,69,66,67,68,69,66,67,68,69,406,407,408,409,146,147,148,149,126,127,128,129,86,87,88,89,66,67,68,69,66,67,68,69,106,107,108,109,146,147,148,149,66,67,68,69,66,67,68,69,66,67,68,69,66,67,68,69,0,0,999,
0,70,71,72,60,70,71,72,60,70,71,72,60,70,71,72,60,70,71,72,60,70,71,72,60,70,71,72,60,70,71,72,100,410,411,412,380,150,151,152,60,130,131,132,400,90,91,92,80,70,71,72,180,70,71,72,100,110,111,112,140,150,151,152,60,70,71,72,60,70,71,72,60,70,71,72,60,70,71,72,60,0,999,
0,73,74,61,62,73,74,61,62,73,74,61,62,73,74,61,62,73,74,61,62,73,74,61,62,73,74,61,62,73,74,101,102,413,414,381,382,153,154,61,62,133,134,401,402,93,94,81,82,73,74,181,182,73,74,101,102,113,114,141,142,153,154,61,62,73,74,61,62,73,74,61,62,73,74,61,62,73,74,61,62,0,999,
0,0,75,63,64,65,75,63,64,65,75,63,64,65,75,63,64,65,75,63,64,65,75,63,64,65,75,63,64,65,75,103,104,105,415,383,384,385,155,63,64,65,135,403,404,405,95,83,84,85,75,183,184,185,75,103,104,105,115,143,144,145,155,63,64,65,75,63,64,65,75,63,64,65,75,63,64,65,75,63,64,65,999,
0,0,66,67,68,69,66,67,68,69,66,67,68,69,66,67,68,69,66,67,68,69,66,67,68,69,66,67,68,69,106,107,108,109,386,387,388,389,66,67,68,69,406,407,408,409,86,87,88,89,186,187,188,189,106,107,108,109,146,147,148,149,66,67,68,69,66,67,68,69,66,67,68,69,66,67,68,69,66,67,68,69,999,
0,0,60,70,71,72,60,70,71,72,60,70,71,72,60,70,71,72,60,70,71,72,60,70,71,72,60,70,71,72,100,110,111,112,1,390,391,392,160,70,71,72,220,410,411,412,1,90,91,92,360,190,191,192,360,110,111,112,160,150,151,152,60,70,71,72,60,70,71,72,60,70,71,72,60,70,71,72,60,70,71,72,999,
0,61,62,73,74,61,62,73,74,61,62,73,74,61,62,73,74,61,62,73,74,61,62,73,74,61,62,73,74,101,102,113,114,2,3,393,394,161,162,73,74,221,222,413,414,2,3,93,94,361,362,193,194,361,362,113,114,161,162,153,154,61,62,73,74,61,62,73,74,61,62,73,74,61,62,73,74,61,62,73,74,0,999,
0,63,64,65,75,63,64,65,75,63,64,65,75,63,64,65,75,63,64,65,75,63,64,65,75,63,64,65,75,103,104,105,115,4,5,6,395,163,164,165,75,223,224,225,415,4,5,6,95,363,364,365,195,363,364,365,115,163,164,165,155,63,64,65,75,63,64,65,75,63,64,65,75,63,64,65,75,63,64,65,75,0,999,
66,67,68,69,66,67,68,69,66,67,68,69,66,67,68,69,66,67,68,69,66,67,68,69,66,67,68,69,106,107,108,109,7,8,9,10,166,167,168,169,226,227,228,229,7,8,9,10,366,367,368,369,366,367,368,369,166,167,168,169,66,67,68,69,66,67,68,69,66,67,68,69,66,67,68,69,66,67,68,69,0,0,999,
0,70,71,72,60,70,71,72,60,70,71,72,60,70,71,72,60,70,71,72,60,70,71,72,60,70,71,72,220,110,111,112,1,11,12,13,140,170,171,172,60,230,231,232,400,11,12,13,1,370,371,372,1,370,371,372,140,170,171,172,60,70,71,72,60,70,71,72,60,70,71,72,60,70,71,72,60,70,71,72,60,0,999,
0,73,74,61,62,73,74,61,62,73,74,61,62,73,74,61,62,73,74,61,62,73,74,61,62,73,74,221,222,113,114,2,3,14,15,141,142,173,174,61,62,233,234,401,402,14,15,2,3,373,374,2,3,373,374,141,142,173,174,61,62,73,74,61,62,73,74,61,62,73,74,61,62,73,74,61,62,73,74,61,62,0,999,
0,0,75,63,64,65,75,63,64,65,75,63,64,65,75,63,64,65,75,63,64,65,75,63,64,65,75,223,224,225,115,4,5,6,16,143,144,145,175,63,64,65,235,403,404,405,16,4,5,6,375,4,5,6,375,143,144,145,175,63,64,65,75,63,64,65,75,63,64,65,75,63,64,65,75,63,64,65,75,63,64,65,999,
0,0,66,67,68,69,66,67,68,69,66,67,68,69,66,67,68,69,66,67,68,69,66,67,68,69,226,227,228,229,7,8,9,10,146,147,148,149,66,67,68,69,406,407,408,409,7,8,9,10,7,8,9,10,146,147,148,149,66,67,68,69,66,67,68,69,66,67,68,69,66,67,68,69,66,67,68,69,66,67,68,69,999,
0,0,60,70,71,72,60,70,71,72,60,70,71,72,60,70,71,72,60,70,71,72,60,70,71,72,60,230,231,232,400,11,12,13,380,150,151,152,60,70,71,72,220,410,411,412,1,11,12,13,1,11,12,13,340,150,151,152,60,70,71,72,60,70,71,72,60,70,71,72,60,70,71,72,60,70,71,72,60,70,71,72,999,
0,61,62,73,74,61,62,73,74,61,62,73,74,61,62,73,74,61,62,73,74,61,62,73,74,61,62,233,234,401,402,14,15,381,382,153,154,61,62,73,74,221,222,413,414,2,3,14,15,2,3,14,15,341,342,153,154,61,62,73,74,61,62,73,74,61,62,73,74,61,62,73,74,61,62,73,74,61,62,73,74,0,999,
0,63,64,65,75,63,64,65,75,63,64,65,75,63,64,65,75,63,64,65,75,63,64,65,75,63,64,65,235,403,404,405,16,383,384,385,155,63,64,65,75,223,224,225,415,4,5,6,16,4,5,6,16,343,344,345,155,63,64,65,75,63,64,65,75,63,64,65,75,63,64,65,75,63,64,65,75,63,64,65,75,0,999,
66,67,68,69,66,67,68,69,66,67,68,69,66,67,68,69,66,67,68,69,66,67,68,69,66,67,68,69,406,407,408,409,386,387,388,389,66,67,68,69,226,227,228,229,7,8,9,10,7,8,9,10,346,347,348,349,66,67,68,69,66,67,68,69,66,67,68,69,66,67,68,69,66,67,68,69,66,67,68,69,0,0,999,
0,70,71,72,60,70,71,72,60,70,71,72,60,70,71,72,60,70,71,72,60,70,71,72,60,70,71,72,100,410,411,412,1,390,391,392,160,70,71,72,60,230,231,232,400,11,12,13,1,11,12,13,1,350,351,352,160,70,71,72,60,70,71,72,60,70,71,72,60,70,71,72,60,70,71,72,60,70,71,72,60,0,999,
0,73,74,61,62,73,74,61,62,73,74,61,62,73,74,61,62,73,74,61,62,73,74,61,62,73,74,101,102,413,414,2,3,393,394,161,162,73,74,61,62,233,234,401,402,14,15,2,3,14,15,2,3,353,354,161,162,73,74,61,62,73,74,61,62,73,74,61,62,73,74,61,62,73,74,61,62,73,74,61,62,0,999,
0,0,75,63,64,65,75,63,64,65,75,63,64,65,75,63,64,65,75,63,64,65,75,63,64,65,75,103,104,105,415,4,5,6,395,163,164,165,75,63,64,65,235,403,404,405,16,4,5,6,16,4,5,6,355,163,164,165,75,63,64,65,75,63,64,65,75,63,64,65,75,63,64,65,75,63,64,65,75,63,64,65,999,
0,0,66,67,68,69,66,67,68,69,66,67,68,69,66,67,68,69,66,67,68,69,66,67,68,69,106,107,108,109,7,8,9,10,166,167,168,169,66,67,68,69,406,407,408,409,7,8,9,10,7,8,9,10,166,167,168,169,66,67,68,69,66,67,68,69,66,67,68,69,66,67,68,69,66,67,68,69,66,67,68,69,999,
0,0,60,70,71,72,60,70,71,72,60,70,71,72,60,70,71,72,60,70,71,72,60,70,71,72,100,110,111,112,1,11,12,13,380,170,171,172,60,70,71,72,220,410,411,412,1,11,12,13,1,11,12,13,340,170,171,172,60,70,71,72,60,70,71,72,60,70,71,72,60,70,71,72,60,70,71,72,60,70,71,72,999,
0,61,62,73,74,61,62,73,74,61,62,73,74,61,62,73,74,61,62,73,74,61,62,73,74,101,102,113,114,2,3,14,15,381,382,173,174,61,62,73,74,221,222,413,414,2,3,14,15,2,3,14,15,341,342,173,174,61,62,73,74,61,62,73,74,61,62,73,74,61,62,73,74,61,62,73,74,61,62,73,74,0,999,
0,63,64,65,75,63,64,65,75,63,64,65,75,63,64,65,75,63,64,65,75,63,64,65,75,103,104,105,115,4,5,6,16,383,384,385,175,63,64,65,75,223,224,225,415,4,5,6,16,4,5,6,16,343,344,345,175,63,64,65,75,63,64,65,75,63,64,65,75,63,64,65,75,63,64,65,75,63,64,65,75,0,999,
66,67,68,69,66,67,68,69,66,67,68,69,66,67,68,69,66,67,68,69,66,67,68,69,106,107,108,109,7,8,9,10,386,387,388,389,66,67,68,69,226,227,228,229,7,8,9,10,7,8,9,10,346,347,348,349,66,67,68,69,66,67,68,69,66,67,68,69,66,67,68,69,66,67,68,69,66,67,68,69,0,0,999,
0,70,71,72,60,70,71,72,60,70,71,72,60,70,71,72,60,70,71,72,60,70,71,72,100,110,111,112,1,11,12,13,1,390,391,392,160,70,71,72,60,230,231,232,400,11,12,13,1,11,12,13,1,350,351,352,160,70,71,72,60,70,71,72,60,70,71,72,60,70,71,72,60,70,71,72,60,70,71,72,60,0,999,
0,73,74,61,62,73,74,61,62,73,74,61,62,73,74,61,62,73,74,61,62,73,74,101,102,113,114,2,3,14,15,2,3,393,394,161,162,73,74,61,62,233,234,401,402,14,15,2,3,14,15,2,3,353,354,161,162,73,74,61,62,73,74,61,62,73,74,61,62,73,74,61,62,73,74,61,62,73,74,61,62,0,999,
0,0,75,63,64,65,75,63,64,65,75,63,64,65,75,63,64,65,75,63,64,65,75,103,104,105,115,4,5,6,16,4,5,6,395,163,164,165,75,63,64,65,235,403,404,405,16,4,5,6,16,4,5,6,355,163,164,165,75,63,64,65,75,63,64,65,75,63,64,65,75,63,64,65,75,63,64,65,75,63,64,65,999,
0,0,66,67,68,69,66,67,68,69,66,67,68,69,66,67,68,69,66,67,68,69,106,107,108,109,7,8,9,10,7,8,9,10,166,167,168,169,66,67,68,69,406,407,408,409,7,8,9,10,7,8,9,10,166,167,168,169,66,67,68,69,66,67,68,69,66,67,68,69,66,67,68,69,66,67,68,69,66,67,68,69,999,
0,0,60,70,71,72,60,70,71,72,60,70,71,72,60,70,71,72,60,70,71,72,100,110,111,112,1,11,12,13,1,11,12,13,380,170,171,172,60,70,71,72,100,410,411,412,1,11,12,13,1,11,12,13,340,170,171,172,60,70,71,72,240,70,71,72,60,70,71,72,60,70,71,72,60,70,71,72,60,70,71,72,999,
0,61,62,73,74,61,62,73,74,61,62,73,74,61,62,73,74,61,62,73,74,101,102,113,114,2,3,14,15,2,3,14,15,381,382,173,174,61,62,73,74,101,102,413,414,2,3,14,15,2,3,14,15,341,342,173,174,61,62,73,74,241,242,73,74,61,62,73,74,61,62,73,74,61,62,73,74,61,62,73,74,0,999,
0,63,64,65,75,63,64,65,75,63,64,65,75,63,64,65,75,63,64,65,75,103,104,105,115,4,5,6,16,4,5,6,16,383,384,385,175,63,64,65,75,103,104,105,415,4,5,6,16,4,5,6,16,343,344,345,175,63,64,65,75,243,244,245,75,63,64,65,75,63,64,65,75,63,64,65,75,63,64,65,75,0,999,
66,67,68,69,66,67,68,69,66,67,68,69,66,67,68,69,66,67,68,69,106,107,108,109,7,8,9,10,7,8,9,10,386,387,388,389,66,67,68,69,106,107,108,109,7,8,9,10,7,8,9,10,346,347,348,349,66,67,68,69,246,247,248,249,66,67,68,69,66,67,68,69,66,67,68,69,66,67,68,69,0,0,999,
0,70,71,72,60,70,71,72,60,70,71,72,60,70,71,72,60,70,71,72,220,110,111,112,1,11,12,13,1,11,12,13,1,390,391,392,80,70,71,72,100,110,111,112,1,11,12,13,1,11,12,13,1,350,351,352,160,70,71,72,60,250,251,252,60,70,71,72,60,70,71,72,60,70,71,72,60,70,71,72,60,0,999,
0,73,74,61,62,73,74,61,62,73,74,61,62,73,74,61,62,73,74,221,222,113,114,2,3,14,15,2,3,14,15,2,3,393,394,81,82,73,74,101,102,113,114,2,3,14,15,2,3,14,15,2,3,353,354,161,162,73,74,61,62,253,254,61,62,73,74,61,62,73,74,61,62,73,74,61,62,73,74,61,62,0,999,
0,0,75,63,64,65,75,63,64,65,75,63,64,65,75,63,64,65,75,223,224,225,115,4,5,6,16,4,5,6,16,4,5,6,395,83,84,85,75,103,104,105,115,4,5,6,16,4,5,6,16,4,5,6,355,163,164,165,75,63,64,65,255,63,64,65,75,63,64,65,75,63,64,65,75,63,64,65,75,63,64,65,999,
0,0,66,67,68,69,66,67,68,69,66,67,68,69,66,67,68,69,226,227,228,229,7,8,9,10,7,8,9,10,7,8,9,10,86,87,88,89,106,107,108,109,7,8,9,10,7,8,9,10,7,8,9,10,166,167,168,169,66,67,68,69,66,67,68,69,66,67,68,69,66,67,68,69,66,67,68,69,66,67,68,69,999,
0,0,60,70,71,72,60,70,71,72,60,70,71,72,60,70,71,72,60,230,231,232,120,11,12,13,1,11,12,13,1,11,12,13,1,90,91,92,360,110,111,112,1,11,12,13,1,11,12,13,1,11,12,13,1,170,171,172,360,70,71,72,160,70,71,72,60,70,71,72,60,70,71,72,60,70,71,72,60,70,71,72,999,
0,61,62,73,74,61,62,73,74,61,62,73,74,61,62,73,74,61,62,233,234,121,122,14,15,2,3,14,15,2,3,14,15,2,3,93,94,361,362,113,114,2,3,14,15,2,3,14,15,2,3,14,15,2,3,173,174,361,362,73,74,161,162,73,74,61,62,73,74,61,62,73,74,61,62,73,74,61,62,73,74,0,999,
0,63,64,65,75,63,64,65,75,63,64,65,75,63,64,65,75,63,64,65,235,123,124,125,16,4,5,6,16,4,5,6,16,4,5,6,95,363,364,365,115,4,5,6,16,4,5,6,16,4,5,6,16,4,5,6,175,363,364,365,75,163,164,165,75,63,64,65,75,63,64,65,75,63,64,65,75,63,64,65,75,0,999,
66,67,68,69,66,67,68,69,66,67,68,69,66,67,68,69,66,67,68,69,126,127,128,129,7,8,9,10,7,8,9,10,7,8,9,10,366,367,368,369,7,8,9,10,7,8,9,10,7,8,9,10,7,8,9,10,366,367,368,369,166,167,168,169,66,67,68,69,66,67,68,69,66,67,68,69,66,67,68,69,0,0,999,
0,70,71,72,60,70,71,72,60,70,71,72,60,70,71,72,60,70,71,72,60,130,131,132,400,11,12,13,1,11,12,13,1,11,12,13,1,370,371,372,1,11,12,13,1,11,12,13,1,11,12,13,1,11,12,13,1,370,371,372,1,170,171,172,340,70,71,72,60,70,71,72,60,70,71,72,60,70,71,72,60,0,999,
0,73,74,61,62,73,74,61,62,73,74,61,62,73,74,61,62,73,74,61,62,133,134,401,402,14,15,2,3,14,15,2,3,14,15,2,3,373,374,2,3,14,15,2,3,14,15,2,3,14,15,2,3,14,15,2,3,373,374,2,3,173,174,341,342,73,74,61,62,73,74,61,62,73,74,61,62,73,74,61,62,0,999,
0,0,75,63,64,65,75,63,64,65,75,63,64,65,75,63,64,65,75,63,64,65,135,403,404,405,16,4,5,6,16,4,5,6,16,4,5,6,375,4,5,6,16,4,5,6,16,4,5,6,16,4,5,6,16,4,5,6,375,4,5,6,175,343,344,345,75,63,64,65,75,63,64,65,75,63,64,65,75,63,64,65,999,
0,0,66,67,68,69,66,67,68,69,66,67,68,69,66,67,68,69,66,67,68,69,406,407,408,409,7,8,9,10,7,8,9,10,7,8,9,10,7,8,9,10,7,8,9,10,7,8,9,10,7,8,9,10,7,8,9,10,7,8,9,10,346,347,348,349,66,67,68,69,66,67,68,69,66,67,68,69,66,67,68,69,999,
0,0,60,70,71,72,60,70,71,72,60,70,71,72,60,70,71,72,60,70,71,72,100,410,411,412,1,11,12,13,1,11,12,13,60,11,12,13,1,11,12,13,1,11,12,13,1,11,12,13,1,11,12,13,1,11,12,13,60,11,12,13,1,350,351,352,80,70,71,72,60,70,71,72,60,70,71,72,60,70,71,72,999,
0,61,62,73,74,61,62,73,74,61,62,73,74,61,62,73,74,61,62,73,74,101,102,413,414,2,3,14,15,2,3,14,15,61,62,14,15,2,3,14,15,2,3,14,15,2,3,14,15,2,3,14,15,2,3,14,15,61,62,14,15,2,3,353,354,81,82,73,74,61,62,73,74,61,62,73,74,61,62,73,74,0,999,
0,63,64,65,75,63,64,65,75,63,64,65,75,63,64,65,75,63,64,65,75,103,104,105,415,4,5,6,16,4,5,6,16,63,64,65,16,4,5,6,16,4,5,6,16,4,5,6,16,4,5,6,16,4,5,6,16,63,64,65,16,4,5,6,355,83,84,85,75,63,64,65,75,63,64,65,75,63,64,65,75,0,999,
66,67,68,69,66,67,68,69,66,67,68,69,66,67,68,69,66,67,68,69,106,107,108,109,7,8,9,10,7,8,9,10,66,67,68,69,7,8,9,10,7,8,9,10,7,8,9,10,7,8,9,10,7,8,9,10,66,67,68,69,7,8,9,10,86,87,88,89,66,67,68,69,66,67,68,69,66,67,68,69,0,0,999,
0,70,71,72,60,70,71,72,180,70,71,72,60,70,71,72,60,70,71,72,100,110,111,112,1,11,12,13,1,11,12,13,1,70,71,72,1,11,12,13,1,11,12,13,1,11,12,13,1,11,12,13,1,11,12,13,1,70,71,72,1,11,12,13,1,90,91,92,80,70,71,72,60,70,71,72,60,70,71,72,60,0,999,
0,73,74,61,62,73,74,181,182,73,74,61,62,73,74,61,62,73,74,101,102,113,114,2,3,14,15,2,3,14,15,2,3,73,74,2,3,14,15,2,3,14,15,2,3,14,15,2,3,14,15,2,3,14,15,2,3,73,74,2,3,14,15,2,3,93,94,81,82,73,74,61,62,73,74,61,62,73,74,61,62,0,999,
0,0,75,63,64,65,75,183,184,185,75,63,64,65,75,63,64,65,75,103,104,105,115,4,5,6,16,4,5,6,16,4,5,6,75,4,5,6,16,4,5,6,16,4,5,6,16,4,5,6,16,4,5,6,16,4,5,6,75,4,5,6,16,4,5,6,95,83,84,85,75,63,64,65,75,63,64,65,75,63,64,65,999,
0,0,66,67,68,69,186,187,188,189,66,67,68,69,66,67,68,69,106,107,108,109,7,8,9,10,7,8,9,10,7,8,9,10,7,8,9,10,7,8,9,10,7,8,9,10,7,8,9,10,7,8,9,10,7,8,9,10,7,8,9,10,7,8,9,10,86,87,88,89,66,67,68,69,66,67,68,69,66,67,68,69,999,
0,0,280,70,71,72,100,190,191,192,80,70,71,72,180,70,71,72,100,110,111,112,1,11,12,13,1,11,12,13,1,11,12,13,1,11,12,13,1,11,12,13,1,11,12,13,1,11,12,13,1,11,12,13,1,11,12,13,1,11,12,13,1,11,12,13,1,90,91,92,160,70,71,72,60,70,71,72,60,70,71,72,999,
0,281,282,73,74,101,102,193,194,81,82,73,74,181,182,73,74,101,102,113,114,2,3,14,15,2,3,14,15,2,3,14,15,2,3,14,15,2,3,14,15,2,3,14,15,2,3,14,15,2,3,14,15,2,3,14,15,2,3,14,15,2,3,14,15,2,3,93,94,161,162,73,74,61,62,73,74,61,62,73,74,0,999,
0,283,284,285,75,103,104,105,195,83,84,85,75,183,184,185,75,103,104,105,115,4,5,6,16,4,5,6,16,4,5,6,16,4,5,6,16,4,5,6,16,4,5,6,16,4,5,6,16,4,5,6,16,4,5,6,16,4,5,6,16,4,5,6,16,4,5,6,95,163,164,165,75,63,64,65,75,63,64,65,75,0,999,
286,287,288,289,106,107,108,109,86,87,88,89,186,187,188,189,106,107,108,109,7,8,9,10,7,8,9,10,7,8,9,10,7,8,9,10,7,8,9,10,7,8,9,10,7,8,9,10,7,8,9,10,7,8,9,10,7,8,9,10,7,8,9,10,7,8,9,10,166,167,168,169,66,67,68,69,66,67,68,69,0,0,999,
0,290,291,292,360,110,111,112,340,90,91,92,360,190,191,192,360,110,111,112,1,11,12,13,1,11,12,13,1,11,12,13,1,11,12,13,1,11,12,13,140,11,12,13,120,11,12,13,1,11,12,13,1,11,12,13,1,11,12,13,1,11,12,13,1,11,12,13,340,170,171,172,60,70,71,72,60,70,71,72,60,0,999,
0,293,294,361,362,113,114,341,342,93,94,361,362,193,194,361,362,113,114,2,3,14,15,2,3,14,15,2,3,14,15,2,3,14,15,2,3,14,15,141,142,14,15,121,122,14,15,2,3,14,15,2,3,14,15,2,3,14,15,2,3,14,15,2,3,14,15,341,342,173,174,61,62,73,74,61,62,73,74,61,62,0,999,
0,0,295,363,364,365,115,343,344,345,95,363,364,365,195,363,364,365,115,4,5,6,16,4,5,6,16,4,5,6,16,4,5,6,16,4,5,6,16,143,144,145,16,123,124,125,16,4,5,6,16,4,5,6,16,4,5,6,16,4,5,6,16,4,5,6,16,343,344,345,175,63,64,65,75,63,64,65,75,63,64,65,999,
0,0,366,367,368,369,346,347,348,349,366,367,368,369,366,367,368,369,7,8,9,10,7,8,9,10,7,8,9,10,7,8,9,10,7,8,9,10,146,147,148,149,126,127,128,129,7,8,9,10,7,8,9,10,7,8,9,10,7,8,9,10,7,8,9,10,346,347,348,349,66,67,68,69,66,67,68,69,66,67,68,69,999,
0,0,260,370,371,372,200,350,351,352,200,370,371,372,120,370,371,372,1,11,12,13,1,11,12,13,1,11,12,13,1,11,12,13,1,11,12,13,340,150,151,152,60,130,131,132,120,11,12,13,1,11,12,13,1,11,12,13,1,11,12,13,380,11,12,13,1,350,351,352,80,70,71,72,60,70,71,72,60,70,71,72,999,
0,261,262,373,374,201,202,353,354,201,202,373,374,121,122,373,374,2,3,14,15,2,3,14,15,2,3,14,15,2,3,14,15,2,3,14,15,341,342,153,154,61,62,133,134,121,122,14,15,2,3,14,15,2,3,14,15,2,3,14,15,381,382,14,15,2,3,353,354,81,82,73,74,61,62,73,74,61,62,73,74,0,999,
0,263,264,265,375,203,204,205,355,203,204,205,375,123,124,125,375,4,5,6,16,4,5,6,16,4,5,6,16,4,5,6,16,4,5,6,16,343,344,345,155,63,64,65,135,123,124,125,16,4,5,6,16,4,5,6,16,4,5,6,16,383,384,385,16,4,5,6,355,83,84,85,75,63,64,65,75,63,64,65,75,0,999,
266,267,268,269,206,207,208,209,206,207,208,209,126,127,128,129,7,8,9,10,7,8,9,10,7,8,9,10,7,8,9,10,7,8,9,10,346,347,348,349,66,67,68,69,126,127,128,129,7,8,9,10,7,8,9,10,7,8,9,10,386,387,388,389,7,8,9,10,86,87,88,89,66,67,68,69,66,67,68,69,0,0,999,
0,270,271,272,60,210,211,212,60,210,211,212,60,130,131,132,400,11,12,13,340,11,12,13,1,11,12,13,1,11,12,13,1,11,12,13,1,350,351,352,160,70,71,72,60,130,131,132,400,11,12,13,1,11,12,13,1,11,12,13,1,390,391,392,120,11,12,13,1,90,91,92,160,70,71,72,60,70,71,72,60,0,999,
0,273,274,61,62,213,214,61,62,213,214,61,62,133,134,401,402,14,15,341,342,14,15,2,3,14,15,2,3,14,15,2,3,14,15,2,3,353,354,161,162,73,74,61,62,133,134,401,402,14,15,2,3,14,15,2,3,14,15,2,3,393,394,121,122,14,15,2,3,93,94,161,162,73,74,61,62,73,74,61,62,0,999,
0,0,275,63,64,65,215,63,64,65,215,63,64,65,135,403,404,405,16,343,344,345,16,4,5,6,16,4,5,6,16,4,5,6,16,4,5,6,355,163,164,165,75,63,64,65,135,403,404,405,16,4,5,6,16,4,5,6,16,4,5,6,395,123,124,125,16,4,5,6,95,163,164,165,75,63,64,65,75,63,64,65,999,
0,0,66,67,68,69,66,67,68,69,66,67,68,69,406,407,408,409,346,347,348,349,7,8,9,10,7,8,9,10,7,8,9,10,7,8,9,10,166,167,168,169,66,67,68,69,406,407,408,409,7,8,9,10,7,8,9,10,7,8,9,10,126,127,128,129,7,8,9,10,166,167,168,169,66,67,68,69,66,67,68,69,999,
0,0,60,70,71,72,60,70,71,72,60,70,71,72,220,410,411,412,140,350,351,352,120,11,12,13,1,11,12,13,1,11,12,13,1,11,12,13,340,170,171,172,60,70,71,72,220,410,411,412,1,11,12,13,1,11,12,13,340,11,12,13,60,130,131,132,120,11,12,13,340,170,171,172,60,70,71,72,60,70,71,72,999,
0,61,62,73,74,61,62,73,74,61,62,73,74,221,222,413,414,141,142,353,354,121,122,14,15,2,3,14,15,2,3,14,15,2,3,14,15,341,342,173,174,61,62,73,74,221,222,413,414,2,3,14,15,2,3,14,15,341,342,14,15,61,62,133,134,121,122,14,15,341,342,173,174,61,62,73,74,61,62,73,74,0,999,
0,63,64,65,75,63,64,65,75,63,64,65,75,223,224,225,415,143,144,145,355,123,124,125,16,4,5,6,16,4,5,6,16,4,5,6,16,343,344,345,175,63,64,65,75,223,224,225,415,4,5,6,16,4,5,6,16,343,344,345,16,63,64,65,135,123,124,125,16,343,344,345,175,63,64,65,75,63,64,65,75,0,999,
66,67,68,69,66,67,68,69,66,67,68,69,226,227,228,229,146,147,148,149,126,127,128,129,7,8,9,10,7,8,9,10,7,8,9,10,346,347,348,349,66,67,68,69,226,227,228,229,7,8,9,10,7,8,9,10,346,347,348,349,66,67,68,69,126,127,128,129,346,347,348,349,66,67,68,69,66,67,68,69,0,0,999,
0,70,71,72,60,70,71,72,60,70,71,72,60,230,231,232,200,150,151,152,60,130,131,132,400,11,12,13,1,11,12,13,1,11,12,13,1,350,351,352,80,70,71,72,60,230,231,232,400,11,12,13,1,11,12,13,1,350,351,352,160,70,71,72,60,130,131,132,120,350,351,352,160,70,71,72,60,70,71,72,60,0,999,
0,73,74,61,62,73,74,61,62,73,74,61,62,233,234,201,202,153,154,61,62,133,134,401,402,14,15,2,3,14,15,2,3,14,15,2,3,353,354,81,82,73,74,61,62,233,234,401,402,14,15,2,3,14,15,2,3,353,354,161,162,73,74,61,62,133,134,121,122,353,354,161,162,73,74,61,62,73,74,61,62,0,999,
0,0,75,63,64,65,75,63,64,65,75,63,64,65,235,203,204,205,155,63,64,65,135,403,404,405,16,4,5,6,16,4,5,6,16,4,5,6,355,83,84,85,75,63,64,65,235,403,404,405,16,4,5,6,16,4,5,6,355,163,164,165,75,63,64,65,135,123,124,125,355,163,164,165,75,63,64,65,75,63,64,65,999,
0,0,66,67,68,69,66,67,68,69,66,67,68,69,206,207,208,209,66,67,68,69,406,407,408,409,7,8,9,10,7,8,9,10,7,8,9,10,86,87,88,89,66,67,68,69,406,407,408,409,7,8,9,10,7,8,9,10,166,167,168,169,66,67,68,69,126,127,128,129,166,167,168,169,66,67,68,69,66,67,68,69,999,
0,0,60,70,71,72,60,70,71,72,60,70,71,72,60,210,211,212,60,70,71,72,220,410,411,412,1,11,12,13,1,11,12,13,1,11,12,13,1,90,91,92,80,70,71,72,100,410,411,412,1,11,12,13,1,11,12,13,340,170,171,172,60,70,71,72,60,130,131,132,200,170,171,172,60,70,71,72,60,70,71,72,999,
0,61,62,73,74,61,62,73,74,61,62,73,74,61,62,213,214,61,62,73,74,221,222,413,414,2,3,14,15,2,3,14,15,2,3,14,15,2,3,93,94,81,82,73,74,101,102,413,414,2,3,14,15,2,3,14,15,341,342,173,174,61,62,73,74,61,62,133,134,201,202,173,174,61,62,73,74,61,62,73,74,0,999,
0,63,64,65,75,63,64,65,75,63,64,65,75,63,64,65,215,63,64,65,75,223,224,225,415,4,5,6,16,4,5,6,16,4,5,6,16,4,5,6,95,83,84,85,75,103,104,105,415,4,5,6,16,4,5,6,16,343,344,345,175,63,64,65,75,63,64,65,135,203,204,205,175,63,64,65,75,63,64,65,75,0,999,
66,67,68,69,66,67,68,69,66,67,68,69,66,67,68,69,66,67,68,69,226,227,228,229,7,8,9,10,7,8,9,10,7,8,9,10,7,8,9,10,86,87,88,89,106,107,108,109,7,8,9,10,7,8,9,10,346,347,348,349,66,67,68,69,66,67,68,69,206,207,208,209,66,67,68,69,66,67,68,69,0,0,999,
0,70,71,72,60,70,71,72,60,70,71,72,60,70,71,72,60,70,71,72,60,230,231,232,120,11,12,13,1,11,12,13,1,11,12,13,1,11,12,13,1,90,91,92,1,110,111,112,1,11,12,13,1,11,12,13,1,350,351,352,160,70,71,72,60,70,71,72,60,210,211,212,60,70,71,72,60,70,71,72,60,0,999,
0,73,74,61,62,73,74,61,62,73,74,61,62,73,74,61,62,73,74,61,62,233,234,121,122,14,15,2,3,14,15,2,3,14,15,2,3,14,15,2,3,93,94,2,3,113,114,2,3,14,15,2,3,14,15,2,3,353,354,161,162,73,74,61,62,73,74,61,62,213,214,61,62,73,74,61,62,73,74,61,62,0,999,
0,0,75,63,64,65,75,63,64,65,75,63,64,65,75,63,64,65,75,63,64,65,235,123,124,125,16,4,5,6,16,4,5,6,16,4,5,6,16,4,5,6,95,4,5,6,115,4,5,6,16,4,5,6,16,4,5,6,355,163,164,165,75,63,64,65,75,63,64,65,215,63,64,65,75,63,64,65,75,63,64,65,999,
0,0,66,67,68,69,66,67,68,69,66,67,68,69,66,67,68,69,66,67,68,69,126,127,128,129,7,8,9,10,7,8,9,10,7,8,9,10,7,8,9,10,7,8,9,10,7,8,9,10,7,8,9,10,7,8,9,10,166,167,168,169,66,67,68,69,66,67,68,69,66,67,68,69,66,67,68,69,66,67,68,69,999,
0,0,60,70,71,72,60,70,71,72,60,70,71,72,60,70,71,72,60,70,71,72,60,130,131,132,120,11,12,13,1,11,12,13,1,11,12,13,1,11,12,13,1,11,12,13,1,11,12,13,60,11,12,13,1,11,12,13,340,170,171,172,60,70,71,72,60,70,71,72,60,70,71,72,60,70,71,72,60,70,71,72,999,
0,61,62,73,74,61,62,73,74,61,62,73,74,61,62,73,74,61,62,73,74,61,62,133,134,121,122,14,15,2,3,14,15,2,3,14,15,2,3,14,15,2,3,14,15,2,3,14,15,61,62,14,15,2,3,14,15,341,342,173,174,61,62,73,74,61,62,73,74,61,62,73,74,61,62,73,74,61,62,73,74,0,999,
0,63,64,65,75,63,64,65,75,63,64,65,75,63,64,65,75,63,64,65,75,63,64,65,135,123,124,125,16,4,5,6,16,4,5,6,16,4,5,6,16,4,5,6,16,4,5,6,16,63,64,65,16,4,5,6,16,343,344,345,175,63,64,65,75,63,64,65,75,63,64,65,75,63,64,65,75,63,64,65,75,0,999,
66,67,68,69,66,67,68,69,66,67,68,69,66,67,68,69,66,67,68,69,66,67,68,69,126,127,128,129,7,8,9,10,7,8,9,10,7,8,9,10,7,8,9,10,7,8,9,10,66,67,68,69,7,8,9,10,346,347,348,349,66,67,68,69,66,67,68,69,66,67,68,69,66,67,68,69,66,67,68,69,0,0,999,
0,70,71,72,60,70,71,72,60,70,71,72,60,70,71,72,60,70,71,72,60,70,71,72,60,130,131,132,400,11,12,13,1,11,12,13,1,11,12,13,1,11,12,13,1,11,12,13,60,70,71,72,60,11,12,13,1,350,351,352,80,70,71,72,60,70,71,72,60,70,71,72,60,70,71,72,60,70,71,72,980,0,999,
0,73,74,61,62,73,74,61,62,73,74,61,62,73,74,61,62,73,74,61,62,73,74,61,62,133,134,401,402,14,15,2,3,14,15,2,3,14,15,2,3,14,15,2,3,14,15,61,62,73,74,61,62,14,15,2,3,353,354,81,82,73,74,61,62,73,74,61,62,73,74,61,62,73,74,61,62,73,74,981,982,0,999,
0,0,75,63,64,65,75,63,64,65,75,63,64,65,75,63,64,65,75,63,64,65,75,63,64,65,135,403,404,405,16,4,5,6,16,4,5,6,16,4,5,6,16,4,5,6,16,63,64,65,75,63,64,65,16,4,5,6,355,83,84,85,75,63,64,65,75,63,64,65,75,63,64,65,75,63,64,65,75,983,984,985,999,
0,0,66,67,68,69,66,67,68,69,66,67,68,69,66,67,68,69,66,67,68,69,66,67,68,69,406,407,408,409,7,8,9,10,7,8,9,10,7,8,9,10,7,8,9,10,66,67,68,69,66,67,68,69,7,8,9,10,86,87,88,89,66,67,68,69,66,67,68,69,66,67,68,69,66,67,68,69,986,987,988,989,999,
0,0,60,70,71,72,60,70,71,72,60,70,71,72,60,70,71,72,60,70,71,72,60,70,71,72,220,410,411,412,1,11,12,13,1,11,12,13,1,11,12,13,1,11,12,13,1,70,71,72,60,70,71,72,1,11,12,13,1,90,91,92,160,70,71,72,60,70,71,72,60,70,71,72,60,70,71,72,980,990,991,992,999,
0,61,62,73,74,61,62,73,74,61,62,73,74,61,62,73,74,61,62,73,74,61,62,73,74,221,222,413,414,2,3,14,15,2,3,14,15,2,3,14,15,2,3,14,15,2,3,73,74,61,62,73,74,2,3,14,15,2,3,93,94,161,162,73,74,61,62,73,74,61,62,73,74,61,62,73,74,981,982,993,994,0,999,
0,63,64,65,75,63,64,65,75,63,64,65,75,63,64,65,75,63,64,65,75,63,64,65,75,223,224,225,415,4,5,6,16,4,5,6,16,4,5,6,16,4,5,6,16,4,5,6,75,63,64,65,75,4,5,6,16,4,5,6,95,163,164,165,75,63,64,65,75,63,64,65,75,63,64,65,75,983,984,985,995,0,999,
66,67,68,69,66,67,68,69,66,67,68,69,66,67,68,69,66,67,68,69,66,67,68,69,226,227,228,229,7,8,9,10,7,8,9,10,7,8,9,10,7,8,9,10,7,8,9,10,66,67,68,69,7,8,9,10,7,8,9,10,166,167,168,169,66,67,68,69,66,67,68,69,66,67,68,69,986,987,988,989,0,0,999,
0,70,71,72,60,70,71,72,60,70,71,72,60,70,71,72,60,70,71,72,60,70,71,72,60,230,231,232,120,11,12,13,1,11,12,13,1,11,12,13,1,11,12,13,1,11,12,13,1,70,71,72,60,11,12,13,1,11,12,13,340,170,171,172,60,70,71,72,60,70,71,72,60,70,71,72,980,990,991,992,680,0,999,
0,73,74,61,62,73,74,61,62,73,74,61,62,73,74,61,62,73,74,61,62,73,74,61,62,233,234,121,122,14,15,2,3,14,15,2,3,14,15,2,3,14,15,2,3,14,15,2,3,73,74,61,62,14,15,2,3,14,15,341,342,173,174,61,62,73,74,61,62,73,74,61,62,73,74,981,982,993,994,681,682,0,999,
0,0,75,63,64,65,75,63,64,65,75,63,64,65,75,63,64,65,75,63,64,65,75,63,64,65,235,123,124,125,16,4,5,6,16,4,5,6,16,4,5,6,16,4,5,6,16,4,5,6,75,63,64,65,16,4,5,6,16,343,344,345,175,63,64,65,75,63,64,65,75,63,64,65,75,983,984,985,995,683,684,685,999,
0,0,66,67,68,69,66,67,68,69,66,67,68,69,66,67,68,69,66,67,68,69,66,67,68,69,126,127,128,129,7,8,9,10,7,8,9,10,7,8,9,10,7,8,9,10,7,8,9,10,66,67,68,69,7,8,9,10,346,347,348,349,66,67,68,69,66,67,68,69,66,67,68,69,986,987,988,989,686,687,688,689,999,
0,0,60,70,71,72,60,70,71,72,60,70,71,72,60,70,71,72,60,70,71,72,60,70,71,72,60,130,131,132,400,11,12,13,1,11,12,13,1,11,12,13,1,11,12,13,1,11,12,13,1,70,71,72,1,11,12,13,1,350,351,352,160,70,71,72,60,70,71,72,60,70,71,72,980,990,991,992,680,690,691,692,999,
0,61,62,73,74,61,62,73,74,61,62,73,74,61,62,73,74,61,62,73,74,61,62,73,74,61,62,133,134,401,402,14,15,2,3,14,15,2,3,14,15,2,3,14,15,2,3,14,15,2,3,73,74,2,3,14,15,2,3,353,354,161,162,73,74,61,62,73,74,61,62,73,74,981,982,993,994,681,682,693,694,0,999,
0,63,64,65,75,63,64,65,75,63,64,65,75,63,64,65,75,63,64,65,75,63,64,65,75,63,64,65,135,403,404,405,16,4,5,6,16,4,5,6,16,4,5,6,16,4,5,6,16,4,5,6,75,4,5,6,16,4,5,6,355,163,164,165,75,63,64,65,75,63,64,65,75,983,984,985,995,683,684,685,695,0,999,
66,67,68,69,66,67,68,69,66,67,68,69,66,67,68,69,66,67,68,69,66,67,68,69,66,67,68,69,406,407,408,409,7,8,9,10,7,8,9,10,7,8,9,10,7,8,9,10,7,8,9,10,7,8,9,10,7,8,9,10,166,167,168,169,66,67,68,69,66,67,68,69,986,987,988,989,686,687,688,689,0,0,999,
0,70,71,72,60,70,71,72,60,70,71,72,60,70,71,72,60,70,71,72,60,70,71,72,60,70,71,72,100,410,411,412,1,11,12,13,1,11,12,13,1,11,12,13,1,11,12,13,1,11,12,13,1,11,12,13,1,11,12,13,340,170,171,172,60,70,71,72,60,70,71,72,980,990,991,992,680,690,691,692,680,0,999,
0,73,74,61,62,73,74,61,62,73,74,61,62,73,74,61,62,73,74,61,62,73,74,61,62,73,74,101,102,413,414,2,3,14,15,2,3,14,15,2,3,14,15,2,3,14,15,2,3,14,15,2,3,14,15,2,3,14,15,341,342,173,174,61,62,73,74,61,62,73,74,981,982,993,994,681,682,693,694,681,682,0,999,
0,0,75,63,64,65,75,63,64,65,75,63,64,65,75,63,64,65,75,63,64,65,75,63,64,65,75,103,104,105,415,4,5,6,16,4,5,6,16,4,5,6,16,4,5,6,16,4,5,6,16,4,5,6,16,4,5,6,16,343,344,345,175,63,64,65,75,63,64,65,75,983,984,985,995,683,684,685,695,683,684,685,999,
0,0,66,67,68,69,66,67,68,69,66,67,68,69,66,67,68,69,66,67,68,69,66,67,68,69,106,107,108,109,7,8,9,10,7,8,9,10,7,8,9,10,7,8,9,10,7,8,9,10,7,8,9,10,7,8,9,10,346,347,348,349,66,67,68,69,66,67,68,69,986,987,988,989,686,687,688,689,686,687,688,689,999,
0,0,60,70,71,72,60,70,71,72,60,70,71,72,60,70,71,72,60,70,71,72,60,70,71,72,220,110,111,112,1,11,12,13,1,11,12,13,1,11,12,13,340,11,12,13,340,11,12,13,1,11,12,13,1,11,12,13,340,350,351,352,160,70,71,72,60,70,71,72,980,990,991,992,680,690,691,692,680,690,691,692,999,
0,61,62,73,74,61,62,73,74,61,62,73,74,61,62,73,74,61,62,73,74,61,62,73,74,221,222,113,114,2,3,14,15,2,3,14,15,2,3,14,15,341,342,14,15,341,342,14,15,2,3,14,15,2,3,14,15,341,342,353,354,161,162,73,74,61,62,73,74,981,982,993,994,681,682,693,694,681,682,693,694,0,999,
0,63,64,65,75,63,64,65,75,63,64,65,75,63,64,65,75,63,64,65,75,63,64,65,75,223,224,225,115,4,5,6,16,4,5,6,16,4,5,6,16,343,344,345,16,343,344,345,16,4,5,6,16,4,5,6,16,343,344,345,355,163,164,165,75,63,64,65,75,983,984,985,995,683,684,685,695,683,684,685,695,0,999,
66,67,68,69,66,67,68,69,66,67,68,69,66,67,68,69,66,67,68,69,66,67,68,69,226,227,228,229,7,8,9,10,7,8,9,10,7,8,9,10,346,347,348,349,346,347,348,349,7,8,9,10,7,8,9,10,346,347,348,349,166,167,168,169,66,67,68,69,986,987,988,989,686,687,688,689,686,687,688,689,0,0,999,
0,70,71,72,60,70,71,72,60,70,71,72,60,70,71,72,60,70,71,72,60,70,71,72,60,230,231,232,400,11,12,13,1,11,12,13,1,11,12,13,140,350,351,352,200,350,351,352,120,11,12,13,1,11,12,13,1,350,351,352,200,170,171,172,60,70,71,72,980,990,991,992,680,690,691,692,680,690,691,692,680,0,999,
0,73,74,61,62,73,74,61,62,73,74,61,62,73,74,61,62,73,74,61,62,73,74,61,62,233,234,401,402,14,15,2,3,14,15,2,3,14,15,141,142,353,354,201,202,353,354,121,122,14,15,2,3,14,15,2,3,353,354,201,202,173,174,61,62,73,74,981,982,993,994,681,682,693,694,681,682,693,694,681,682,0,999,
0,0,75,63,64,65,75,63,64,65,75,63,64,65,75,63,64,65,75,63,64,65,75,63,64,65,235,403,404,405,16,4,5,6,16,4,5,6,16,143,144,145,355,203,204,205,355,123,124,125,16,4,5,6,16,4,5,6,355,203,204,205,175,63,64,65,75,983,984,985,995,683,684,685,695,683,684,685,695,683,684,685,999,
0,0,66,67,68,69,66,67,68,69,66,67,68,69,66,67,68,69,66,67,68,69,66,67,68,69,406,407,408,409,7,8,9,10,7,8,9,10,146,147,148,149,206,207,208,209,126,127,128,129,7,8,9,10,7,8,9,10,206,207,208,209,66,67,68,69,986,987,988,989,686,687,688,689,686,687,688,689,686,687,688,689,999,
0,0,60,70,71,72,60,70,71,72,60,70,71,72,60,70,71,72,60,70,71,72,60,70,71,72,220,410,411,412,1,11,12,13,1,11,12,13,140,150,151,152,60,210,211,212,60,130,131,132,120,11,12,13,140,11,12,13,60,210,211,212,60,70,71,72,980,990,991,992,680,690,691,692,680,690,691,692,680,690,691,692,999,
0,61,62,73,74,61,62,73,74,61,62,73,74,61,62,73,74,61,62,73,74,61,62,73,74,221,222,413,414,2,3,14,15,2,3,14,15,141,142,153,154,61,62,213,214,61,62,133,134,121,122,14,15,141,142,14,15,61,62,213,214,61,62,73,74,981,982,993,994,681,682,693,694,681,682,693,694,681,682,693,694,0,999,
0,63,64,65,75,63,64,65,75,63,64,65,75,63,64,65,75,63,64,65,75,63,64,65,75,223,224,225,415,4,5,6,16,4,5,6,16,143,144,145,155,63,64,65,215,63,64,65,135,123,124,125,16,143,144,145,16,63,64,65,215,63,64,65,75,983,984,985,995,683,684,685,695,683,684,685,695,683,684,685,695,0,999,
66,67,68,69,66,67,68,69,66,67,68,69,66,67,68,69,66,67,68,69,66,67,68,69,226,227,228,229,7,8,9,10,7,8,9,10,146,147,148,149,66,67,68,69,66,67,68,69,126,127,128,129,146,147,148,149,66,67,68,69,66,67,68,69,986,987,988,989,686,687,688,689,686,687,688,689,686,687,688,689,0,0,999,
0,70,71,72,60,70,71,72,60,70,71,72,60,70,71,72,60,70,71,72,60,70,71,72,60,230,231,232,400,11,12,13,1,11,12,13,140,150,151,152,60,70,71,72,60,70,71,72,60,130,131,132,140,150,151,152,60,70,71,72,60,70,71,72,980,990,991,992,680,690,691,692,680,690,691,692,680,690,691,692,680,0,999,
0,73,74,61,62,73,74,61,62,73,74,61,62,73,74,61,62,73,74,61,62,73,74,61,62,233,234,401,402,14,15,2,3,14,15,141,142,153,154,61,62,73,74,61,62,73,74,61,62,133,134,141,142,153,154,61,62,73,74,61,62,73,74,981,982,993,994,681,682,693,694,681,682,693,694,681,682,693,694,681,682,0,999,
0,0,75,63,64,65,75,63,64,65,75,63,64,65,75,63,64,65,75,63,64,65,75,63,64,65,235,403,404,405,16,4,5,6,16,143,144,145,155,63,64,65,75,63,64,65,75,63,64,65,135,143,144,145,155,63,64,65,75,63,64,65,75,983,984,985,995,683,684,685,695,683,684,685,695,683,684,685,695,683,684,685,999,
0,0,66,67,68,69,66,67,68,69,66,67,68,69,66,67,68,69,66,67,68,69,66,67,68,69,406,407,408,409,7,8,9,10,146,147,148,149,66,67,68,69,66,67,68,69,66,67,68,69,146,147,148,149,66,67,68,69,66,67,68,69,986,987,988,989,686,687,688,689,686,687,688,689,686,687,688,689,686,687,688,689,999,
0,0,60,70,71,72,60,70,71,72,60,70,71,72,60,70,71,72,60,70,71,72,60,70,71,72,220,410,411,412,1,11,12,13,140,150,151,152,60,70,71,72,1020,70,71,72,60,70,71,72,120,150,151,152,60,70,71,72,60,70,71,72,980,990,991,992,680,690,691,692,680,690,691,692,680,690,691,692,680,690,691,692,999,
0,61,62,73,74,61,62,73,74,61,62,73,74,61,62,73,74,61,62,73,74,61,62,73,74,221,222,413,414,2,3,14,15,141,142,153,154,61,62,73,74,1021,1022,73,74,61,62,73,74,121,122,153,154,61,62,73,74,61,62,73,74,981,982,993,994,681,682,693,694,681,682,693,694,681,682,693,694,681,682,693,694,0,999,
0,63,64,65,75,63,64,65,75,63,64,65,75,63,64,65,75,63,64,65,75,63,64,65,75,223,224,225,415,4,5,6,16,143,144,145,155,63,64,65,75,1023,1024,1025,75,63,64,65,75,123,124,125,155,63,64,65,75,63,64,65,75,983,984,985,995,683,684,685,695,683,684,685,695,683,684,685,695,683,684,685,695,0,999,
66,67,68,69,66,67,68,69,66,67,68,69,66,67,68,69,66,67,68,69,66,67,68,69,226,227,228,229,7,8,9,10,146,147,148,149,66,67,68,69,1026,1027,1028,1029,66,67,68,69,126,127,128,129,66,67,68,69,66,67,68,69,986,987,988,989,686,687,688,689,686,687,688,689,686,687,688,689,686,687,688,689,0,0,999,
0,70,71,72,60,70,71,72,60,70,71,72,60,70,71,72,60,70,71,72,60,70,71,72,60,230,231,232,400,11,12,13,140,150,151,152,60,70,71,72,980,1030,1031,1032,960,70,71,72,120,130,131,132,80,70,71,72,60,70,71,72,980,990,991,992,680,690,691,692,680,690,691,692,680,690,691,692,680,690,691,692,680,0,999,
0,73,74,61,62,73,74,61,62,73,74,61,62,73,74,61,62,73,74,61,62,73,74,61,62,233,234,401,402,14,15,141,142,153,154,61,62,73,74,981,982,1033,1034,961,962,73,74,121,122,133,134,81,82,73,74,61,62,73,74,981,982,993,994,681,682,693,694,681,682,693,694,681,682,693,694,681,682,693,694,681,682,0,999,
0,0,75,63,64,65,75,63,64,65,75,63,64,65,75,63,64,65,75,63,64,65,75,63,64,65,235,403,404,405,16,143,144,145,155,63,64,65,75,983,984,985,1035,963,964,965,75,123,124,125,135,83,84,85,75,63,64,65,75,983,984,985,995,683,684,685,695,683,684,685,695,683,684,685,695,683,684,685,695,683,684,685,999,
0,0,66,67,68,69,66,67,68,69,66,67,68,69,66,67,68,69,66,67,68,69,66,67,68,69,406,407,408,409,146,147,148,149,66,67,68,69,986,987,988,989,966,967,968,969,126,127,128,129,86,87,88,89,66,67,68,69,986,987,988,989,686,687,688,689,686,687,688,689,686,687,688,689,686,687,688,689,686,687,688,689,999,
0,0,60,70,71,72,60,70,71,72,60,70,71,72,60,70,71,72,60,70,71,72,60,70,71,72,220,410,411,412,140,150,151,152,60,70,71,72,980,990,991,992,1,970,971,972,960,130,131,132,40,90,91,92,80,70,71,72,840,990,991,992,680,690,691,692,680,690,691,692,680,690,691,692,680,690,691,692,680,690,691,692,999,
0,61,62,73,74,61,62,73,74,61,62,73,74,61,62,73,74,61,62,73,74,61,62,73,74,221,222,413,414,141,142,153,154,61,62,73,74,981,982,993,994,2,3,973,974,961,962,133,134,41,42,93,94,81,82,73,74,841,842,993,994,681,682,693,694,681,682,693,694,681,682,693,694,681,682,693,694,681,682,693,694,0,999,
0,63,64,65,75,63,64,65,75,63,64,65,75,63,64,65,75,63,64,65,75,63,64,65,75,223,224,225,415,143,144,145,155,63,64,65,75,983,984,985,995,4,5,6,975,963,964,965,135,43,44,45,95,83,84,85,75,843,844,845,995,683,684,685,695,683,684,685,695,683,684,685,695,683,684,685,695,683,684,685,695,0,999,
66,67,68,69,66,67,68,69,66,67,68,69,66,67,68,69,66,67,68,69,66,67,68,69,226,227,228,229,146,147,148,149,66,67,68,69,986,987,988,989,7,8,9,10,966,967,968,969,46,47,48,49,86,87,88,89,846,847,848,849,686,687,688,689,686,687,688,689,686,687,688,689,686,687,688,689,686,687,688,689,0,0,999,
0,70,71,72,60,70,71,72,60,70,71,72,60,70,71,72,60,70,71,72,60,70,71,72,60,230,231,232,200,150,151,152,60,70,71,72,980,990,991,992,1080,11,12,13,1080,970,971,972,960,50,51,52,20,90,91,92,1080,850,851,852,960,690,691,692,680,690,691,692,680,690,691,692,680,690,691,692,680,690,691,692,680,0,999,
0,73,74,61,62,73,74,61,62,73,74,61,62,73,74,61,62,73,74,61,62,73,74,61,62,233,234,201,202,153,154,61,62,73,74,981,982,993,994,1081,1082,14,15,1081,1082,973,974,961,962,53,54,21,22,93,94,1081,1082,853,854,961,962,693,694,681,682,693,694,681,682,693,694,681,682,693,694,681,682,693,694,681,682,0,999,
0,0,75,63,64,65,75,63,64,65,75,63,64,65,75,63,64,65,75,63,64,65,75,63,64,65,235,203,204,205,155,63,64,65,75,983,984,985,995,1083,1084,1085,16,1083,1084,1085,975,963,964,965,55,23,24,25,95,1083,1084,1085,855,963,964,965,695,683,684,685,695,683,684,685,695,683,684,685,695,683,684,685,695,683,684,685,999,
0,0,66,67,68,69,66,67,68,69,66,67,68,69,66,67,68,69,66,67,68,69,66,67,68,69,206,207,208,209,66,67,68,69,986,987,988,989,1086,1087,1088,1089,1086,1087,1088,1089,966,967,968,969,26,27,28,29,1086,1087,1088,1089,966,967,968,969,686,687,688,689,686,687,688,689,686,687,688,689,686,687,688,689,686,687,688,689,999,
0,0,60,70,71,72,60,70,71,72,60,70,71,72,60,70,71,72,60,70,71,72,60,70,71,72,60,210,211,212,60,70,71,72,980,990,991,992,1060,1090,1091,1092,1100,1090,1091,1092,1040,970,971,972,960,30,31,32,1060,1090,1091,1092,1040,970,971,972,960,690,691,692,680,690,691,692,680,690,691,692,680,690,691,692,680,690,691,692,999,
0,61,62,73,74,61,62,73,74,61,62,73,74,61,62,73,74,61,62,73,74,61,62,73,74,61,62,213,214,61,62,73,74,981,982,993,994,1061,1062,1093,1094,1101,1102,1093,1094,1041,1042,973,974,961,962,33,34,1061,1062,1093,1094,1041,1042,973,974,961,962,693,694,681,682,693,694,681,682,693,694,681,682,693,694,681,682,693,694,0,999,
0,63,64,65,75,63,64,65,75,63,64,65,75,63,64,65,75,63,64,65,75,63,64,65,75,63,64,65,215,63,64,65,75,983,984,985,995,1063,1064,1065,1095,1103,1104,1105,1095,1043,1044,1045,975,963,964,965,35,1063,1064,1065,1095,1043,1044,1045,975,963,964,965,695,683,684,685,695,683,684,685,695,683,684,685,695,683,684,685,695,0,999,
66,67,68,69,66,67,68,69,66,67,68,69,66,67,68,69,66,67,68,69,66,67,68,69,66,67,68,69,66,67,68,69,986,987,988,989,1066,1067,1068,1069,1106,1107,1108,1109,1046,1047,1048,1049,966,967,968,969,1066,1067,1068,1069,1046,1047,1048,1049,966,967,968,969,686,687,688,689,686,687,688,689,686,687,688,689,686,687,688,689,0,0,999,
0,70,71,72,60,70,71,72,60,70,71,72,60,70,71,72,60,70,71,72,60,70,71,72,60,70,71,72,60,70,71,72,980,990,991,992,1060,1070,1071,1072,1,1110,1111,1112,1000,1050,1051,1052,1040,970,971,972,1060,1070,1071,1072,1,1050,1051,1052,1040,970,971,972,960,690,691,692,680,690,691,692,680,690,691,692,680,690,691,692,680,0,999,
0,73,74,61,62,73,74,61,62,73,74,61,62,73,74,61,62,73,74,61,62,73,74,61,62,73,74,61,62,73,74,981,982,993,994,1061,1062,1073,1074,2,3,1113,1114,1001,1002,1053,1054,1041,1042,973,974,1061,1062,1073,1074,2,3,1053,1054,1041,1042,973,974,961,962,693,694,681,682,693,694,681,682,693,694,681,682,693,694,681,682,0,999,
0,0,75,63,64,65,75,63,64,65,75,63,64,65,75,63,64,65,75,63,64,65,75,63,64,65,75,63,64,65,75,983,984,985,995,1063,1064,1065,1075,4,5,6,1115,1003,1004,1005,1055,1043,1044,1045,975,1063,1064,1065,1075,4,5,6,1055,1043,1044,1045,975,963,964,965,695,683,684,685,695,683,684,685,695,683,684,685,695,683,684,685,999,
0,0,66,67,68,69,66,67,68,69,66,67,68,69,66,67,68,69,66,67,68,69,66,67,68,69,66,67,68,69,986,987,988,989,1066,1067,1068,1069,7,8,9,10,1006,1007,1008,1009,1046,1047,1048,1049,1066,1067,1068,1069,7,8,9,10,1046,1047,1048,1049,966,967,968,969,686,687,688,689,686,687,688,689,686,687,688,689,686,687,688,689,999,
0,0,60,70,71,72,60,70,71,72,60,70,71,72,60,70,71,72,60,70,71,72,60,70,71,72,60,70,71,72,980,990,991,992,1060,1070,1071,1072,1,11,12,13,980,1010,1011,1012,960,1050,1051,1052,1100,1070,1071,1072,1,11,12,13,1,1050,1051,1052,1040,970,971,972,960,690,691,692,680,690,691,692,680,690,691,692,680,690,691,692,999,
0,61,62,73,74,61,62,73,74,61,62,73,74,61,62,73,74,61,62,73,74,61,62,73,74,61,62,73,74,981,982,993,994,1061,1062,1073,1074,2,3,14,15,981,982,1013,1014,961,962,1053,1054,1101,1102,1073,1074,2,3,14,15,2,3,1053,1054,1041,1042,973,974,961,962,693,694,681,682,693,694,681,682,693,694,681,682,693,694,0,999,
0,63,64,65,75,63,64,65,75,63,64,65,75,63,64,65,75,63,64,65,75,63,64,65,75,63,64,65,75,983,984,985,995,1063,1064,1065,1075,4,5,6,16,983,984,985,1015,963,964,965,1055,1103,1104,1105,1075,4,5,6,16,4,5,6,1055,1043,1044,1045,975,963,964,965,695,683,684,685,695,683,684,685,695,683,684,685,695,0,999,
66,67,68,69,66,67,68,69,66,67,68,69,66,67,68,69,66,67,68,69,66,67,68,69,66,67,68,69,986,987,988,989,1066,1067,1068,1069,7,8,9,10,986,987,988,989,966,967,968,969,1106,1107,1108,1109,7,8,9,10,7,8,9,10,1046,1047,1048,1049,966,967,968,969,686,687,688,689,686,687,688,689,686,687,688,689,0,0,999,
0,70,71,72,60,70,71,72,60,70,71,72,60,70,71,72,60,70,71,72,60,70,71,72,60,70,71,72,980,990,991,992,1060,1070,1071,1072,1000,11,12,13,980,990,991,992,960,970,971,972,960,1110,1111,1112,1000,11,12,13,1000,11,12,13,1,1050,1051,1052,1040,970,971,972,960,690,691,692,680,690,691,692,680,690,691,692,680,0,999,
0,73,74,61,62,73,74,61,62,73,74,61,62,73,74,61,62,73,74,61,62,73,74,61,62,73,74,981,982,993,994,1061,1062,1073,1074,1001,1002,14,15,981,982,993,994,961,962,973,974,961,962,1113,1114,1001,1002,14,15,1001,1002,14,15,2,3,1053,1054,1041,1042,973,974,961,962,693,694,681,682,693,694,681,682,693,694,681,682,0,999,
0,0,75,63,64,65,75,63,64,65,75,63,64,65,75,63,64,65,75,63,64,65,75,63,64,65,75,983,984,985,995,1063,1064,1065,1075,1003,1004,1005,16,983,984,985,995,963,964,965,975,963,964,965,1115,1003,1004,1005,16,1003,1004,1005,16,4,5,6,1055,1043,1044,1045,975,963,964,965,695,683,684,685,695,683,684,685,695,683,684,685,999,
0,0,66,67,68,69,66,67,68,69,66,67,68,69,66,67,68,69,66,67,68,69,66,67,68,69,986,987,988,989,1066,1067,1068,1069,1006,1007,1008,1009,986,987,988,989,966,967,968,969,966,967,968,969,1006,1007,1008,1009,1006,1007,1008,1009,7,8,9,10,1046,1047,1048,1049,966,967,968,969,686,687,688,689,686,687,688,689,686,687,688,689,999,
